
N:21	a:1.00e+00
Cond:1.00000e+01	Sol:[4;1.599609375;0;0.400390624999999;1;0.0996093750000017;-0.75;0.0253906249999985;0.8125;0.00585937500000105;-0.796874999999999;0.00195312499999937;0.800781249999999;0;-0.799804687499999;0.000488281250000214;0.800048828124999;-0.000366210937500207;-0.799987792968749;0.00039672851562519;0.800003051757812;-0.000389099121093954;1.20000076293945]
4.0000e+00
1.5996e+00
0.0000e+00
4.0039e-01
1.0000e+00
9.9609e-02
-7.5000e-01
2.5391e-02
8.1250e-01
5.8594e-03
-7.9687e-01
1.9531e-03
8.0078e-01
0.0000e+00
-7.9980e-01
4.8828e-04
8.0005e-01
-3.6621e-04
-7.9999e-01
3.9673e-04
8.0000e-01
-3.8910e-04
1.2000e+00

N:21	a:1.00e-01
Cond:1.60000e+01	Sol:[4;2.25319602272727;0;-0.253196022727274;1;0.753196022727274;-0.750000000000001;-0.628196022727273;0.812500000000001;0.659446022727273;-0.796875000000001;-0.651633522727272;0.800781250000001;0;-0.860020661157025;-0.00538540101427509;0.859531079246637;0.00534089356787619;-0.859535125378128;-0.00534126139801165;0.859535091939025;0.005341258358093;-0.495898728579018]
4.0000e+00
2.2532e+00
0.0000e+00
-2.5320e-01
1.0000e+00
7.5320e-01
-7.5000e-01
-6.2820e-01
8.1250e-01
6.5945e-01
-7.9688e-01
-6.5163e-01
8.0078e-01
0.0000e+00
-8.6002e-01
-5.3854e-03
8.5953e-01
5.3409e-03
-8.5954e-01
-5.3413e-03
8.5954e-01
5.3413e-03
-4.9590e-01

N:21	a:1.00e-03
Cond:1.90000e+01	Sol:[4;2.39684143981019;0;-0.396841439810193;1;0.896841439810192;-0.750000000000001;-0.771841439810191;0.812500000000001;0.803091439810191;-0.796875000000001;-0.79527893981019;0.800781250000001;0;-0.801575734455356;-7.93690765002805e-07;0.801575733662458;7.93689973064843e-07;-0.801575733662459;-7.93689973456756e-07;0.801575733662459;7.93689973843978e-07;-0.797579729666455]
4.0000e+00
2.3968e+00
0.0000e+00
-3.9684e-01
1.0000e+00
8.9684e-01
-7.5000e-01
-7.7184e-01
8.1250e-01
8.0309e-01
-7.9688e-01
-7.9528e-01
8.0078e-01
0.0000e+00
-8.0158e-01
-7.9369e-07
8.0158e-01
7.9369e-07
-8.0158e-01
-7.9369e-07
8.0158e-01
7.9369e-07
-7.9758e-01

N:21	a:1.00e-05
Cond:1.90000e+01	Sol:[4;2.39842152359727;0;-0.398421523597266;1;0.898421523597265;-0.750000000000001;-0.773421523597265;0.812500000000001;0.804671523597264;-0.796875;-0.796859023597264;0.80078125;0;-0.800789218510551;-7.96840627724403e-11;0.80078921851055;7.96836930611956e-11;-0.80078921851055;-7.968366085305e-11;0.80078921851055;7.96834788813978e-11;-0.800749218910546]
4.0000e+00
2.3984e+00
0.0000e+00
-3.9842e-01
1.0000e+00
8.9842e-01
-7.5000e-01
-7.7342e-01
8.1250e-01
8.0467e-01
-7.9688e-01
-7.9686e-01
8.0078e-01
0.0000e+00
-8.0079e-01
-7.9684e-11
8.0079e-01
7.9684e-11
-8.0079e-01
-7.9684e-11
8.0079e-01
7.9683e-11
-8.0075e-01

N:21	a:1.00e-07
Cond:1.90000e+01	Sol:[4;2.39843734023439;0;-0.398437340234393;1;0.898437340234392;-0.750000000000001;-0.773437340234392;0.812500000000001;0.804687340234392;-0.796875000000001;-0.796874840234391;0.80078125;0;-0.800781329687477;-7.85324736236726e-15;0.800781329687477;7.70024186980619e-15;-0.800781329687477;-7.51549174014734e-15;0.800781329687477;7.30893429876367e-15;-0.800780929687517]
4.0000e+00
2.3984e+00
0.0000e+00
-3.9844e-01
1.0000e+00
8.9844e-01
-7.5000e-01
-7.7344e-01
8.1250e-01
8.0469e-01
-7.9688e-01
-7.9687e-01
8.0078e-01
0.0000e+00
-8.0078e-01
-7.8532e-15
8.0078e-01
7.7002e-15
-8.0078e-01
-7.5155e-15
8.0078e-01
7.3089e-15
-8.0078e-01

N:21	a:1.00e-09
Cond:1.90000e+01	Sol:[4;2.39843749840235;0;-0.398437498402346;1;0.898437498402345;-0.750000000000001;-0.773437498402345;0.812500000000002;0.804687498402345;-0.796875000000002;-0.796874998402345;0.800781250000001;0;-0.800781250796876;-4.92442880503037e-17;0.800781250796876;2.53578693843147e-16;-0.800781250796876;-1.77999256094075e-16;0.800781250796876;1.27643494916712e-18;-0.800781246796876]
4.0000e+00
2.3984e+00
0.0000e+00
-3.9844e-01
1.0000e+00
8.9844e-01
-7.5000e-01
-7.7344e-01
8.1250e-01
8.0469e-01
-7.9688e-01
-7.9687e-01
8.0078e-01
0.0000e+00
-8.0078e-01
-4.9244e-17
8.0078e-01
2.5358e-16
-8.0078e-01
-1.7800e-16
8.0078e-01
1.2764e-18
-8.0078e-01

N:21	a:1.00e-11
Cond:1.90000e+01	Sol:[4;2.39843749998402;0;-0.398437499984025;1;0.898437499984024;-0.750000000000001;-0.773437499984024;0.812500000000001;0.804687499984023;-0.796875;-0.796874999984023;0.80078125;0;-0.800781250007969;4.40231266367563e-16;0.80078125000797;-6.52159457773162e-16;-0.80078125000797;8.04885492925512e-16;0.80078125000797;-9.26923388179238e-16;-0.80078124996797]
4.0000e+00
2.3984e+00
0.0000e+00
-3.9844e-01
1.0000e+00
8.9844e-01
-7.5000e-01
-7.7344e-01
8.1250e-01
8.0469e-01
-7.9688e-01
-7.9687e-01
8.0078e-01
0.0000e+00
-8.0078e-01
4.4023e-16
8.0078e-01
-6.5216e-16
-8.0078e-01
8.0489e-16
8.0078e-01
-9.2692e-16
-8.0078e-01

N:21	a:1.00e-13
Cond:1.90000e+01	Sol:[4;2.39843749999984;0;-0.398437499999842;1;0.898437499999841;-0.750000000000001;-0.773437499999841;0.812500000000001;0.804687499999841;-0.796875000000001;-0.796874999999841;0.80078125;-7.12683476858314e-16;-0.800781250000081;3.54433090295186e-16;0.800781250000081;-4.20286612595326e-17;-0.800781250000081;-3.87165383327176e-17;0.800781250000081;0;-0.800781249999682]
4.0000e+00
2.3984e+00
0.0000e+00
-3.9844e-01
1.0000e+00
8.9844e-01
-7.5000e-01
-7.7344e-01
8.1250e-01
8.0469e-01
-7.9688e-01
-7.9687e-01
8.0078e-01
-7.1268e-16
-8.0078e-01
3.5443e-16
8.0078e-01
-4.2029e-17
-8.0078e-01
-3.8717e-17
8.0078e-01
0.0000e+00
-8.0078e-01

N:21	a:1.00e-15
Cond:1.90000e+01	Sol:[4;2.3984375;0;-0.398437500000002;1;0.898437500000001;-0.750000000000001;-0.7734375;0.812500000000001;0.8046875;-0.796875000000001;-0.796875;0.800781250000001;-3.45149792527359e-16;-0.800781250000001;1.75034973108551e-16;0.800781250000001;-1.39312957675268e-16;-0.800781250000001;1.5220047237405e-16;0.800781250000001;0;-0.800781249999998]
4.0000e+00
2.3984e+00
0.0000e+00
-3.9844e-01
1.0000e+00
8.9844e-01
-7.5000e-01
-7.7344e-01
8.1250e-01
8.0469e-01
-7.9688e-01
-7.9688e-01
8.0078e-01
-3.4515e-16
-8.0078e-01
1.7503e-16
8.0078e-01
-1.3931e-16
-8.0078e-01
1.5220e-16
8.0078e-01
0.0000e+00
-8.0078e-01

N:41	a:1.00e+00
Cond:1.90000e+01	Sol:[4;1.60000038146973;0;0.399999618530275;1;0.100000381469727;-0.75;0.0249996185302735;0.8125;0.00625038146972663;-0.796875;0.00156211853027326;0.80078125;0.000391006469727093;-0.799804687499999;9.72747802728439e-05;0.800048828124999;2.47955322270679e-05;-0.799987792968749;5.72204589815883e-06;0.800003051757811;1.90734863328893e-06;-0.799999237060545;0;0.800000190734862;4.76837158972097e-07;-0.799999952316282;-3.57627868950057e-07;0.800000011920927;3.87430191075195e-07;-0.799999997019766;-3.79979610817658e-07;0.800000000745056;3.81842255806231e-07;-0.799999999813733;-3.81376594298862e-07;0.800000000046564;3.81493009051389e-07;-0.799999999988356;-3.81463904814734e-07;0.800000000002909;3.81471181322552e-07;1.20000000000073]
4.0000e+00
1.6000e+00
0.0000e+00
4.0000e-01
1.0000e+00
1.0000e-01
-7.5000e-01
2.5000e-02
8.1250e-01
6.2504e-03
-7.9688e-01
1.5621e-03
8.0078e-01
3.9101e-04
-7.9980e-01
9.7275e-05
8.0005e-01
2.4796e-05
-7.9999e-01
5.7220e-06
8.0000e-01
1.9073e-06
-8.0000e-01
0.0000e+00
8.0000e-01
4.7684e-07
-8.0000e-01
-3.5763e-07
8.0000e-01
3.8743e-07
-8.0000e-01
-3.7998e-07
8.0000e-01
3.8184e-07
-8.0000e-01
-3.8138e-07
8.0000e-01
3.8149e-07
-8.0000e-01
-3.8146e-07
8.0000e-01
3.8147e-07
1.2000e+00

N:41	a:1.00e-01
Cond:3.10000e+01	Sol:[4;2.25454677234997;0;-0.254546772349965;1;0.754546772349965;-0.75;-0.629546772349964;0.812500000000001;0.660796772349965;-0.796875000000001;-0.652984272349964;0.800781250000001;0.654937397349964;-0.799804687500001;-0.654449116099964;0.800048828125;0.654571186412464;-0.799987792968751;-0.65454066883434;0.800003051757813;0.65454829822887;-0.799999237060548;0;0.859503627808627;0.00540949006800722;-0.859011855984263;-0.00536478353851965;0.859015920214216;0.00536515301397009;-0.859015886625539;-0.00536514996045423;0.859015886903131;0.0053651499856902;-0.859015886900836;-0.00536514998548164;0.859015886900856;0.00536514998548331;-0.859015886900856;-0.00536514998548322;0.859015886900856;0.00536514998548327;-0.495379523264492]
4.0000e+00
2.2545e+00
0.0000e+00
-2.5455e-01
1.0000e+00
7.5455e-01
-7.5000e-01
-6.2955e-01
8.1250e-01
6.6080e-01
-7.9688e-01
-6.5298e-01
8.0078e-01
6.5494e-01
-7.9980e-01
-6.5445e-01
8.0005e-01
6.5457e-01
-7.9999e-01
-6.5454e-01
8.0000e-01
6.5455e-01
-8.0000e-01
0.0000e+00
8.5950e-01
5.4095e-03
-8.5901e-01
-5.3648e-03
8.5902e-01
5.3652e-03
-8.5902e-01
-5.3651e-03
8.5902e-01
5.3651e-03
-8.5902e-01
-5.3651e-03
8.5902e-01
5.3651e-03
-8.5902e-01
-5.3651e-03
8.5902e-01
5.3651e-03
-4.9538e-01

N:41	a:1.00e-03
Cond:3.60000e+01	Sol:[4;2.39840312199398;0;-0.398403121993974;1;0.898403121993974;-0.75;-0.773403121993974;0.812500000000001;0.804653121993974;-0.796875;-0.796840621993974;0.800781250000001;0.798793746993973;-0.799804687500001;-0.798305465743973;0.800048828125001;0.798427536056473;-0.799987792968751;-0.798397018478349;0.800003051757813;0.79840464787288;-0.799999237060547;0;0.800796844101379;7.96810230606385e-07;-0.800796843305365;-7.96809435392881e-07;0.800796843305366;7.9680943560366e-07;-0.800796843305367;-7.96809435394349e-07;0.800796843305367;7.96809435101944e-07;-0.800796843305367;-7.96809434966492e-07;0.800796843305367;7.96809434830858e-07;-0.800796843305367;-7.96809434918237e-07;0.800796843305367;7.96809435023265e-07;-0.796800839309363]
4.0000e+00
2.3984e+00
0.0000e+00
-3.9840e-01
1.0000e+00
8.9840e-01
-7.5000e-01
-7.7340e-01
8.1250e-01
8.0465e-01
-7.9688e-01
-7.9684e-01
8.0078e-01
7.9879e-01
-7.9980e-01
-7.9831e-01
8.0005e-01
7.9843e-01
-7.9999e-01
-7.9840e-01
8.0000e-01
7.9840e-01
-8.0000e-01
0.0000e+00
8.0080e-01
7.9681e-07
-8.0080e-01
-7.9681e-07
8.0080e-01
7.9681e-07
-8.0080e-01
-7.9681e-07
8.0080e-01
7.9681e-07
-8.0080e-01
-7.9681e-07
8.0080e-01
7.9681e-07
-8.0080e-01
-7.9681e-07
8.0080e-01
7.9681e-07
-7.9680e-01

N:41	a:1.00e-05
Cond:3.60000e+01	Sol:[4;2.39998552601602;0;-0.399985526016018;1;0.899985526016018;-0.75;-0.774985526016018;0.812500000000001;0.806235526016018;-0.796875000000001;-0.798423026016018;0.800781250000001;0.800376151016018;-0.799804687500001;-0.799887869766018;0.800048828125001;0.800009940078518;-0.799987792968751;-0.799979422500393;0.800003051757813;0.799987051894924;-0.799999237060548;0;0.80000723685107;7.99971694883552e-11;-0.800007236851068;-7.99972337316294e-11;0.800007236851069;7.99972175235717e-11;-0.800007236851068;-7.99971341799065e-11;0.800007236851068;7.99971996825886e-11;-0.800007236851068;-7.99972651799246e-11;0.800007236851068;7.99973537450322e-11;-0.800007236851068;-7.99971406430817e-11;0.800007236851067;7.99970834821172e-11;-0.799967237251063]
4.0000e+00
2.4000e+00
0.0000e+00
-3.9999e-01
1.0000e+00
8.9999e-01
-7.5000e-01
-7.7499e-01
8.1250e-01
8.0624e-01
-7.9688e-01
-7.9842e-01
8.0078e-01
8.0038e-01
-7.9980e-01
-7.9989e-01
8.0005e-01
8.0001e-01
-7.9999e-01
-7.9998e-01
8.0000e-01
7.9999e-01
-8.0000e-01
0.0000e+00
8.0001e-01
7.9997e-11
-8.0001e-01
-7.9997e-11
8.0001e-01
7.9997e-11
-8.0001e-01
-7.9997e-11
8.0001e-01
7.9997e-11
-8.0001e-01
-7.9997e-11
8.0001e-01
7.9997e-11
-8.0001e-01
-7.9997e-11
8.0001e-01
7.9997e-11
-7.9997e-01

N:41	a:1.00e-07
Cond:3.60000e+01	Sol:[4;2.4000013658787;0;-0.400001365878695;1;0.900001365878695;-0.75;-0.775001365878695;0.812500000000001;0.806251365878695;-0.796875000000001;-0.798438865878694;0.800781250000001;0.800391990878694;-0.799804687500001;-0.799903709628694;0.800048828125;0.800025779941194;-0.799987792968751;-0.799995262363069;0.800003051757812;0.8000028917576;-0.799999237060547;0;0.799999317060827;8.16638072661165e-15;-0.799999317060827;-8.33273420129228e-15;0.799999317060827;8.28470164670257e-15;-0.799999317060827;-8.34559586959451e-15;0.799999317060827;8.36178533311667e-15;-0.799999317060827;-8.37797482833574e-15;0.799999317060828;8.22294329097849e-15;-0.799999317060828;-8.20678708845085e-15;0.799999317060828;8.34193342669025e-15;-0.799998917060868]
4.0000e+00
2.4000e+00
0.0000e+00
-4.0000e-01
1.0000e+00
9.0000e-01
-7.5000e-01
-7.7500e-01
8.1250e-01
8.0625e-01
-7.9688e-01
-7.9844e-01
8.0078e-01
8.0039e-01
-7.9980e-01
-7.9990e-01
8.0005e-01
8.0003e-01
-7.9999e-01
-8.0000e-01
8.0000e-01
8.0000e-01
-8.0000e-01
0.0000e+00
8.0000e-01
8.1664e-15
-8.0000e-01
-8.3327e-15
8.0000e-01
8.2847e-15
-8.0000e-01
-8.3456e-15
8.0000e-01
8.3618e-15
-8.0000e-01
-8.3780e-15
8.0000e-01
8.2229e-15
-8.0000e-01
-8.2068e-15
8.0000e-01
8.3419e-15
-8.0000e-01

N:41	a:1.00e-09
Cond:3.60000e+01	Sol:[4;2.40000152427891;0;-0.400001524278905;1;0.900001524278904;-0.75;-0.775001524278904;0.812500000000001;0.806251524278904;-0.796875000000001;-0.798439024278904;0.800781250000001;0.800392149278904;-0.799804687500001;-0.799903868028904;0.800048828125001;0.800025938341404;-0.799987792968751;-0.79999542076328;0.800003051757813;0.800003050157811;-0.799999237060548;-4.36022035901234e-16;0.79999923786055;5.13331698093722e-16;-0.79999923786055;-6.28569970227034e-16;0.79999923786055;6.98766237458137e-16;-0.79999923786055;-7.58127259074918e-16;0.79999923786055;5.38746585023314e-16;-0.79999923786055;-3.97870384396292e-16;0.79999923786055;2.7656120808871e-16;-0.79999923786055;-1.55252031553504e-16;0.79999923786055;0;-0.79999923386055]
4.0000e+00
2.4000e+00
0.0000e+00
-4.0000e-01
1.0000e+00
9.0000e-01
-7.5000e-01
-7.7500e-01
8.1250e-01
8.0625e-01
-7.9688e-01
-7.9844e-01
8.0078e-01
8.0039e-01
-7.9980e-01
-7.9990e-01
8.0005e-01
8.0003e-01
-7.9999e-01
-8.0000e-01
8.0000e-01
8.0000e-01
-8.0000e-01
-4.3602e-16
8.0000e-01
5.1333e-16
-8.0000e-01
-6.2857e-16
8.0000e-01
6.9877e-16
-8.0000e-01
-7.5813e-16
8.0000e-01
5.3875e-16
-8.0000e-01
-3.9787e-16
8.0000e-01
2.7656e-16
-8.0000e-01
-1.5525e-16
8.0000e-01
0.0000e+00
-8.0000e-01

N:41	a:1.00e-11
Cond:3.60000e+01	Sol:[4;2.40000152586291;0;-0.400001525862907;1;0.900001525862907;-0.75;-0.775001525862907;0.812500000000001;0.806251525862908;-0.796875000000001;-0.798439025862908;0.800781250000001;0.800392150862907;-0.799804687500001;-0.799903869612907;0.800048828125001;0.800025939925407;-0.799987792968752;-0.799995422347282;0.800003051757813;0.800003051741813;-0.799999237060548;0;0.799999237068547;5.3916731171594e-16;-0.799999237068548;-7.39124419891319e-16;0.799999237068548;7.48633291676626e-16;-0.799999237068548;-7.57091756413889e-16;0.799999237068547;4.24428308875741e-16;-0.799999237068547;-1.2316683029712e-16;0.799999237068547;7.76705148185198e-17;-0.799999237068547;-3.21741993454972e-17;0.799999237068547;-1.34990547547412e-16;-0.799999237028547]
4.0000e+00
2.4000e+00
0.0000e+00
-4.0000e-01
1.0000e+00
9.0000e-01
-7.5000e-01
-7.7500e-01
8.1250e-01
8.0625e-01
-7.9688e-01
-7.9844e-01
8.0078e-01
8.0039e-01
-7.9980e-01
-7.9990e-01
8.0005e-01
8.0003e-01
-7.9999e-01
-8.0000e-01
8.0000e-01
8.0000e-01
-8.0000e-01
0.0000e+00
8.0000e-01
5.3917e-16
-8.0000e-01
-7.3912e-16
8.0000e-01
7.4863e-16
-8.0000e-01
-7.5709e-16
8.0000e-01
4.2443e-16
-8.0000e-01
-1.2317e-16
8.0000e-01
7.7671e-17
-8.0000e-01
-3.2174e-17
8.0000e-01
-1.3499e-16
-8.0000e-01

N:41	a:1.00e-13
Cond:3.60000e+01	Sol:[4;2.40000152587875;0;-0.400001525878748;1;0.900001525878748;-0.75;-0.775001525878748;0.812500000000001;0.806251525878748;-0.796875000000001;-0.798439025878748;0.800781250000002;0.800392150878748;-0.799804687500002;-0.799903869628748;0.800048828125002;0.800025939941248;-0.799987792968752;-0.799995422363123;0.800003051757814;0.800003051757654;-0.799999237060549;8.49344526562401e-16;0.799999237060628;-9.55447214116256e-16;-0.799999237060629;6.85396039210634e-16;0.799999237060629;-3.58933506408848e-16;-0.799999237060629;5.79169512511649e-17;0.799999237060629;7.00568339393243e-18;-0.799999237060629;-1.97535594945177e-16;0.799999237060629;1.31098772102862e-16;-0.799999237060629;-6.46619492603795e-17;0.799999237060629;0;-0.799999237060229]
4.0000e+00
2.4000e+00
0.0000e+00
-4.0000e-01
1.0000e+00
9.0000e-01
-7.5000e-01
-7.7500e-01
8.1250e-01
8.0625e-01
-7.9688e-01
-7.9844e-01
8.0078e-01
8.0039e-01
-7.9980e-01
-7.9990e-01
8.0005e-01
8.0003e-01
-7.9999e-01
-8.0000e-01
8.0000e-01
8.0000e-01
-8.0000e-01
8.4934e-16
8.0000e-01
-9.5545e-16
-8.0000e-01
6.8540e-16
8.0000e-01
-3.5893e-16
-8.0000e-01
5.7917e-17
8.0000e-01
7.0057e-18
-8.0000e-01
-1.9754e-16
8.0000e-01
1.3110e-16
-8.0000e-01
-6.4662e-17
8.0000e-01
0.0000e+00
-8.0000e-01

N:41	a:1.00e-15
Cond:3.60000e+01	Sol:[4;2.40000152587891;0;-0.400001525878905;1;0.900001525878905;-0.75;-0.775001525878905;0.812500000000001;0.806251525878906;-0.796875000000001;-0.798439025878905;0.800781250000001;0.800392150878905;-0.799804687500001;-0.799903869628905;0.800048828125;0.800025939941404;-0.79998779296875;-0.79999542236328;0.800003051757812;0.800003051757811;-0.799999237060547;-4.38880921550166e-16;0.799999237060548;5.64727323275567e-16;-0.799999237060548;-2.54826528387831e-16;0.799999237060548;7.52353806161236e-17;-0.799999237060548;9.61317357408576e-17;0.799999237060548;-5.83988354508545e-17;-0.799999237060548;1.93376015774655e-16;0.799999237060548;-1.71029876687278e-16;-0.799999237060548;1.48683737599899e-16;0.799999237060548;0;-0.799999237060544]
4.0000e+00
2.4000e+00
0.0000e+00
-4.0000e-01
1.0000e+00
9.0000e-01
-7.5000e-01
-7.7500e-01
8.1250e-01
8.0625e-01
-7.9688e-01
-7.9844e-01
8.0078e-01
8.0039e-01
-7.9980e-01
-7.9990e-01
8.0005e-01
8.0003e-01
-7.9999e-01
-8.0000e-01
8.0000e-01
8.0000e-01
-8.0000e-01
-4.3888e-16
8.0000e-01
5.6473e-16
-8.0000e-01
-2.5483e-16
8.0000e-01
7.5235e-17
-8.0000e-01
9.6132e-17
8.0000e-01
-5.8399e-17
-8.0000e-01
1.9338e-16
8.0000e-01
-1.7103e-16
-8.0000e-01
1.4868e-16
8.0000e-01
0.0000e+00
-8.0000e-01

N:81	a:1.00e+00
Cond:3.60000e+01	Sol:[4;1.60000000000037;0;0.399999999999633;0.999999999999999;0.100000000000366;-0.75;0.0249999999996341;0.8125;0.00625000000036533;-0.796875;0.0015624999996351;0.80078125;0.000390625000364634;-0.7998046875;9.76562496355517e-05;0.800048828125;2.44140628643141e-05;-0.79998779296875;6.10351526050889e-06;0.800003051757812;1.52587927078576e-06;-0.799999237060546;3.81469362551876e-07;0.800000190734863;9.5367795786484e-08;-0.799999952316284;2.38414939015621e-08;0.800000011920929;5.96082813853665e-09;-0.799999997019767;1.48975231801414e-09;0.800000000745058;3.72893274218131e-10;-0.799999999813736;9.2767793012422e-11;0.800000000046566;2.36477340955417e-11;-0.799999999988358;5.4564838992531e-12;0.80000000000291;1.81950475646203e-12;-0.799999999999271;0;0.800000000000181;4.55124194794851e-13;-0.799999999999953;-3.41660932253164e-13;0.80000000000001;3.70095020395668e-13;-0.799999999999995;-3.63151288414577e-13;0.799999999999999;3.64892934912891e-13;-0.799999999999998;-3.64371807806373e-13;0.799999999999998;3.64504695341078e-13;-0.799999999999998;-3.64304047916468e-13;0.799999999999998;3.64673681663059e-13;-0.799999999999998;-3.64583367093208e-13;0.799999999999998;3.64914870209224e-13;-0.799999999999998;-3.64968932188383e-13;0.799999999999998;3.65453181532337e-13;-0.799999999999998;-3.65478255583471e-13;0.799999999999998;3.65413419600536e-13;-0.799999999999998;-3.65474185345261e-13;0.799999999999998;3.65095139275969e-13;-0.799999999999999;-3.6543295037597e-13;0.799999999999998;3.65034675551171e-13;1.2]
4.0000e+00
1.6000e+00
0.0000e+00
4.0000e-01
1.0000e+00
1.0000e-01
-7.5000e-01
2.5000e-02
8.1250e-01
6.2500e-03
-7.9687e-01
1.5625e-03
8.0078e-01
3.9063e-04
-7.9980e-01
9.7656e-05
8.0005e-01
2.4414e-05
-7.9999e-01
6.1035e-06
8.0000e-01
1.5259e-06
-8.0000e-01
3.8147e-07
8.0000e-01
9.5368e-08
-8.0000e-01
2.3841e-08
8.0000e-01
5.9608e-09
-8.0000e-01
1.4898e-09
8.0000e-01
3.7289e-10
-8.0000e-01
9.2768e-11
8.0000e-01
2.3648e-11
-8.0000e-01
5.4565e-12
8.0000e-01
1.8195e-12
-8.0000e-01
0.0000e+00
8.0000e-01
4.5512e-13
-8.0000e-01
-3.4166e-13
8.0000e-01
3.7010e-13
-8.0000e-01
-3.6315e-13
8.0000e-01
3.6489e-13
-8.0000e-01
-3.6437e-13
8.0000e-01
3.6450e-13
-8.0000e-01
-3.6430e-13
8.0000e-01
3.6467e-13
-8.0000e-01
-3.6458e-13
8.0000e-01
3.6491e-13
-8.0000e-01
-3.6497e-13
8.0000e-01
3.6545e-13
-8.0000e-01
-3.6548e-13
8.0000e-01
3.6541e-13
-8.0000e-01
-3.6547e-13
8.0000e-01
3.6510e-13
-8.0000e-01
-3.6543e-13
8.0000e-01
3.6503e-13
1.2000e+00

N:81	a:1.00e-01
Cond:6.10000e+01	Sol:[4;2.25454545454671;0;-0.25454545454671;1;0.754545454546711;-0.750000000000001;-0.629545454546711;0.812500000000001;0.660795454546711;-0.796875000000001;-0.652982954546711;0.800781250000003;0.654936079546713;-0.799804687500002;-0.654447798296713;0.800048828125001;0.654569868609212;-0.799987792968751;-0.654539351031087;0.800003051757813;0.654546980425619;-0.799999237060548;-0.654545073076985;0.800000190734864;0.654545549914143;-0.799999952316286;-0.654545430704854;0.800000011920931;0.654545460507176;-0.799999997019769;-0.654545453056595;0.80000000074506;0.654545454919241;-0.799999999813737;-0.654545454453579;0.800000000046568;0.654545454569995;-0.79999999998836;-0.654545454540891;0.800000000002912;0.654545454548167;-0.799999999999274;0;0.859504132230925;0.00540946656651372;-0.85901236254306;-0.00536476023125328;0.859016426755356;0.00536512970509826;-0.859016393166825;-0.00536512665159514;0.859016393444416;0.00536512667683048;-0.859016393442122;-0.00536512667662164;0.859016393442141;0.00536512667662316;-0.85901639344214;-0.00536512667662337;0.85901639344214;0.00536512667662349;-0.859016393442139;-0.00536512667662314;0.859016393442139;0.00536512667662292;-0.85901639344214;-0.00536512667662316;0.85901639344214;0.00536512667662315;-0.85901639344214;-0.00536512667662308;0.85901639344214;0.00536512667662287;-0.85901639344214;-0.00536512667662266;0.85901639344214;0.00536512667662243;-0.85901639344214;-0.00536512667662243;0.85901639344214;0.00536512667662243;-0.495380029805777]
4.0000e+00
2.2545e+00
0.0000e+00
-2.5455e-01
1.0000e+00
7.5455e-01
-7.5000e-01
-6.2955e-01
8.1250e-01
6.6080e-01
-7.9688e-01
-6.5298e-01
8.0078e-01
6.5494e-01
-7.9980e-01
-6.5445e-01
8.0005e-01
6.5457e-01
-7.9999e-01
-6.5454e-01
8.0000e-01
6.5455e-01
-8.0000e-01
-6.5455e-01
8.0000e-01
6.5455e-01
-8.0000e-01
-6.5455e-01
8.0000e-01
6.5455e-01
-8.0000e-01
-6.5455e-01
8.0000e-01
6.5455e-01
-8.0000e-01
-6.5455e-01
8.0000e-01
6.5455e-01
-8.0000e-01
-6.5455e-01
8.0000e-01
6.5455e-01
-8.0000e-01
0.0000e+00
8.5950e-01
5.4095e-03
-8.5901e-01
-5.3648e-03
8.5902e-01
5.3651e-03
-8.5902e-01
-5.3651e-03
8.5902e-01
5.3651e-03
-8.5902e-01
-5.3651e-03
8.5902e-01
5.3651e-03
-8.5902e-01
-5.3651e-03
8.5902e-01
5.3651e-03
-8.5902e-01
-5.3651e-03
8.5902e-01
5.3651e-03
-8.5902e-01
-5.3651e-03
8.5902e-01
5.3651e-03
-8.5902e-01
-5.3651e-03
8.5902e-01
5.3651e-03
-8.5902e-01
-5.3651e-03
8.5902e-01
5.3651e-03
-8.5902e-01
-5.3651e-03
8.5902e-01
5.3651e-03
-4.9538e-01

N:81	a:1.00e-03
Cond:6.90000e+01	Sol:[4;2.39840159840305;0;-0.398401598403052;1;0.898401598403052;-0.75;-0.773401598403052;0.8125;0.804651598403051;-0.796875;-0.796839098403051;0.800781250000002;0.798792223403053;-0.799804687500001;-0.798303942153052;0.800048828125001;0.798426012465552;-0.799987792968751;-0.798395494887427;0.800003051757813;0.798403124281958;-0.799999237060547;-0.798401216933326;0.800000190734864;0.798401693770484;-0.799999952316286;-0.798401574561195;0.800000011920931;0.798401604363518;-0.799999997019769;-0.798401596912936;0.80000000074506;0.798401598775582;-0.799999999813737;-0.79840159830992;0.800000000046568;0.798401598426336;-0.79999999998836;-0.798401598397232;0.800000000002912;0.798401598404508;-0.799999999999274;0;0.800797603993684;7.96807187367293e-07;-0.800797603197673;-7.96806392295396e-07;0.800797603197674;7.96806392261526e-07;-0.800797603197674;-7.9680639212537e-07;0.800797603197674;7.9680639197008e-07;-0.800797603197673;-7.9680639179954e-07;0.800797603197673;7.96806391816436e-07;-0.800797603197673;-7.96806392070625e-07;0.800797603197673;7.96806392325314e-07;-0.800797603197673;-7.96806392612226e-07;0.800797603197672;7.96806392728319e-07;-0.800797603197673;-7.96806392786175e-07;0.800797603197673;7.96806392938355e-07;-0.800797603197673;-7.96806393017397e-07;0.800797603197673;7.96806392934853e-07;-0.800797603197673;-7.96806393008798e-07;0.800797603197673;7.96806392943165e-07;-0.800797603197673;-7.9680639275819e-07;0.800797603197673;7.96806392653768e-07;-0.796801599201669]
4.0000e+00
2.3984e+00
0.0000e+00
-3.9840e-01
1.0000e+00
8.9840e-01
-7.5000e-01
-7.7340e-01
8.1250e-01
8.0465e-01
-7.9688e-01
-7.9684e-01
8.0078e-01
7.9879e-01
-7.9980e-01
-7.9830e-01
8.0005e-01
7.9843e-01
-7.9999e-01
-7.9840e-01
8.0000e-01
7.9840e-01
-8.0000e-01
-7.9840e-01
8.0000e-01
7.9840e-01
-8.0000e-01
-7.9840e-01
8.0000e-01
7.9840e-01
-8.0000e-01
-7.9840e-01
8.0000e-01
7.9840e-01
-8.0000e-01
-7.9840e-01
8.0000e-01
7.9840e-01
-8.0000e-01
-7.9840e-01
8.0000e-01
7.9840e-01
-8.0000e-01
0.0000e+00
8.0080e-01
7.9681e-07
-8.0080e-01
-7.9681e-07
8.0080e-01
7.9681e-07
-8.0080e-01
-7.9681e-07
8.0080e-01
7.9681e-07
-8.0080e-01
-7.9681e-07
8.0080e-01
7.9681e-07
-8.0080e-01
-7.9681e-07
8.0080e-01
7.9681e-07
-8.0080e-01
-7.9681e-07
8.0080e-01
7.9681e-07
-8.0080e-01
-7.9681e-07
8.0080e-01
7.9681e-07
-8.0080e-01
-7.9681e-07
8.0080e-01
7.9681e-07
-8.0080e-01
-7.9681e-07
8.0080e-01
7.9681e-07
-8.0080e-01
-7.9681e-07
8.0080e-01
7.9681e-07
-7.9680e-01

N:81	a:1.00e-05
Cond:6.90000e+01	Sol:[4;2.39998400016145;0;-0.399984000161451;1;0.899984000161452;-0.750000000000001;-0.774984000161452;0.8125;0.806234000161452;-0.796875;-0.798421500161452;0.800781250000002;0.800374625161454;-0.799804687500001;-0.799886343911454;0.800048828125;0.800008414223954;-0.79998779296875;-0.799977896645829;0.800003051757812;0.799985526040361;-0.799999237060545;-0.799983618691727;0.800000190734862;0.799984095528885;-0.799999952316283;-0.799983976319596;0.800000011920928;0.799984006121919;-0.799999997019766;-0.799983998671337;0.800000000745058;0.799984000533983;-0.799999999813735;-0.799984000068321;0.800000000046566;0.799984000184737;-0.799999999988358;-0.799984000155633;0.800000000002911;0.799984000162909;-0.799999999999273;0;0.800007999759277;7.99965956096156e-11;-0.800007999759275;-7.9996659167666e-11;0.800007999759275;7.9996303141649e-11;-0.800007999759275;-7.99958786675015e-11;0.800007999759276;7.99956581728969e-11;-0.800007999759276;-7.99953984988655e-11;0.800007999759277;7.99954131414564e-11;-0.800007999759277;-7.99956314115656e-11;0.800007999759277;7.99956367764459e-11;-0.800007999759277;-7.99954144771015e-11;0.800007999759277;7.99954112617326e-11;-0.800007999759277;-7.99954080460286e-11;0.800007999759277;7.99953354847316e-11;-0.800007999759276;-7.99953708646057e-11;0.800007999759277;7.99952112345378e-11;-0.800007999759277;-7.9994780783672e-11;0.800007999759277;7.99950213520302e-11;-0.800007999759276;-7.99951088175162e-11;0.800007999759277;7.99952266192348e-11;-0.799968000159272]
4.0000e+00
2.4000e+00
0.0000e+00
-3.9998e-01
1.0000e+00
8.9998e-01
-7.5000e-01
-7.7498e-01
8.1250e-01
8.0623e-01
-7.9688e-01
-7.9842e-01
8.0078e-01
8.0037e-01
-7.9980e-01
-7.9989e-01
8.0005e-01
8.0001e-01
-7.9999e-01
-7.9998e-01
8.0000e-01
7.9999e-01
-8.0000e-01
-7.9998e-01
8.0000e-01
7.9998e-01
-8.0000e-01
-7.9998e-01
8.0000e-01
7.9998e-01
-8.0000e-01
-7.9998e-01
8.0000e-01
7.9998e-01
-8.0000e-01
-7.9998e-01
8.0000e-01
7.9998e-01
-8.0000e-01
-7.9998e-01
8.0000e-01
7.9998e-01
-8.0000e-01
0.0000e+00
8.0001e-01
7.9997e-11
-8.0001e-01
-7.9997e-11
8.0001e-01
7.9996e-11
-8.0001e-01
-7.9996e-11
8.0001e-01
7.9996e-11
-8.0001e-01
-7.9995e-11
8.0001e-01
7.9995e-11
-8.0001e-01
-7.9996e-11
8.0001e-01
7.9996e-11
-8.0001e-01
-7.9995e-11
8.0001e-01
7.9995e-11
-8.0001e-01
-7.9995e-11
8.0001e-01
7.9995e-11
-8.0001e-01
-7.9995e-11
8.0001e-01
7.9995e-11
-8.0001e-01
-7.9995e-11
8.0001e-01
7.9995e-11
-8.0001e-01
-7.9995e-11
8.0001e-01
7.9995e-11
-7.9997e-01

N:81	a:1.00e-07
Cond:6.90000e+01	Sol:[4;2.39999984000147;0;-0.399999840001472;1;0.899999840001472;-0.75;-0.774999840001472;0.8125;0.806249840001472;-0.796875;-0.798437340001471;0.800781250000002;0.800390465001473;-0.799804687500001;-0.799902183751472;0.800048828125;0.800024254063972;-0.79998779296875;-0.799993736485847;0.800003051757813;0.800001365880378;-0.799999237060547;-0.799999458531745;0.800000190734864;0.799999935368904;-0.799999952316285;-0.799999816159614;0.80000001192093;0.799999845961937;-0.799999997019768;-0.799999838511356;0.800000000745059;0.799999840374001;-0.799999999813736;-0.79999983990834;0.800000000046567;0.799999840024755;-0.79999999998836;-0.799999839995651;0.800000000002911;0.799999840002927;-0.799999999999273;0;0.800000079999249;8.42632856522956e-15;-0.800000079999249;-8.47741620809123e-15;0.800000079999249;8.32097240768319e-15;-0.800000079999249;-8.18041474595233e-15;0.80000007999925;7.95463622048072e-15;-0.80000007999925;-7.73170014128897e-15;0.800000079999249;7.92549234951149e-15;-0.80000007999925;-8.13089077420933e-15;0.80000007999925;8.2282043065483e-15;-0.80000007999925;-8.39616053347016e-15;0.80000007999925;8.61748454103637e-15;-0.80000007999925;-8.72890207389591e-15;0.80000007999925;8.85050420093565e-15;-0.80000007999925;-8.8150933524896e-15;0.80000007999925;8.83076156452497e-15;-0.80000007999925;-8.87390640016828e-15;0.80000007999925;8.78986194706036e-15;-0.80000007999925;-9.03554332293933e-15;0.80000007999925;9.12217317951786e-15;-0.79999967999929]
4.0000e+00
2.4000e+00
0.0000e+00
-4.0000e-01
1.0000e+00
9.0000e-01
-7.5000e-01
-7.7500e-01
8.1250e-01
8.0625e-01
-7.9688e-01
-7.9844e-01
8.0078e-01
8.0039e-01
-7.9980e-01
-7.9990e-01
8.0005e-01
8.0002e-01
-7.9999e-01
-7.9999e-01
8.0000e-01
8.0000e-01
-8.0000e-01
-8.0000e-01
8.0000e-01
8.0000e-01
-8.0000e-01
-8.0000e-01
8.0000e-01
8.0000e-01
-8.0000e-01
-8.0000e-01
8.0000e-01
8.0000e-01
-8.0000e-01
-8.0000e-01
8.0000e-01
8.0000e-01
-8.0000e-01
-8.0000e-01
8.0000e-01
8.0000e-01
-8.0000e-01
0.0000e+00
8.0000e-01
8.4263e-15
-8.0000e-01
-8.4774e-15
8.0000e-01
8.3210e-15
-8.0000e-01
-8.1804e-15
8.0000e-01
7.9546e-15
-8.0000e-01
-7.7317e-15
8.0000e-01
7.9255e-15
-8.0000e-01
-8.1309e-15
8.0000e-01
8.2282e-15
-8.0000e-01
-8.3962e-15
8.0000e-01
8.6175e-15
-8.0000e-01
-8.7289e-15
8.0000e-01
8.8505e-15
-8.0000e-01
-8.8151e-15
8.0000e-01
8.8308e-15
-8.0000e-01
-8.8739e-15
8.0000e-01
8.7899e-15
-8.0000e-01
-9.0355e-15
8.0000e-01
9.1222e-15
-8.0000e-01

N:81	a:1.00e-09
Cond:6.90000e+01	Sol:[4;2.39999999840145;0;-0.399999998401454;1;0.899999998401454;-0.75;-0.774999998401454;0.8125;0.806249998401454;-0.796875;-0.798437498401455;0.800781250000001;0.800390623401456;-0.7998046875;-0.799902342151456;0.800048828124999;0.800024412463955;-0.79998779296875;-0.79999389488583;0.800003051757812;0.800001524280361;-0.799999237060546;-0.799999616931728;0.800000190734863;0.800000093768886;-0.799999952316284;-0.799999974559597;0.80000001192093;0.80000000436192;-0.799999997019767;-0.799999996911338;0.800000000745059;0.799999998773984;-0.799999999813736;-0.799999998308322;0.800000000046566;0.799999998424738;-0.799999999988358;-0.799999998395634;0.80000000000291;0.79999999840291;-0.799999999999273;1.16497012993683e-15;0.800000000799273;-9.14745793679748e-16;-0.800000000799272;9.51179813055253e-16;0.800000000799272;-8.09279676412274e-16;-0.800000000799272;8.27373579204387e-16;0.800000000799272;-8.54438590543536e-16;-0.800000000799272;7.87296138391459e-16;0.800000000799272;-4.55979107497475e-16;-0.800000000799272;1.24662076692287e-16;0.800000000799272;-2.02340683382543e-16;-0.800000000799272;2.13321040542112e-16;0.800000000799273;-2.12292350117469e-16;-0.800000000799272;2.11263660388047e-16;0.800000000799272;-2.46804728782388e-16;-0.800000000799272;1.6851792731248e-16;0.800000000799272;-1.16301655711101e-16;-0.800000000799272;6.40853842254088e-17;0.800000000799272;-4.19342323195292e-18;-0.800000000799272;-9.4949891217455e-17;0.800000000799272;0;-0.799999996799271]
4.0000e+00
2.4000e+00
0.0000e+00
-4.0000e-01
1.0000e+00
9.0000e-01
-7.5000e-01
-7.7500e-01
8.1250e-01
8.0625e-01
-7.9688e-01
-7.9844e-01
8.0078e-01
8.0039e-01
-7.9980e-01
-7.9990e-01
8.0005e-01
8.0002e-01
-7.9999e-01
-7.9999e-01
8.0000e-01
8.0000e-01
-8.0000e-01
-8.0000e-01
8.0000e-01
8.0000e-01
-8.0000e-01
-8.0000e-01
8.0000e-01
8.0000e-01
-8.0000e-01
-8.0000e-01
8.0000e-01
8.0000e-01
-8.0000e-01
-8.0000e-01
8.0000e-01
8.0000e-01
-8.0000e-01
-8.0000e-01
8.0000e-01
8.0000e-01
-8.0000e-01
1.1650e-15
8.0000e-01
-9.1475e-16
-8.0000e-01
9.5118e-16
8.0000e-01
-8.0928e-16
-8.0000e-01
8.2737e-16
8.0000e-01
-8.5444e-16
-8.0000e-01
7.8730e-16
8.0000e-01
-4.5598e-16
-8.0000e-01
1.2466e-16
8.0000e-01
-2.0234e-16
-8.0000e-01
2.1332e-16
8.0000e-01
-2.1229e-16
-8.0000e-01
2.1126e-16
8.0000e-01
-2.4680e-16
-8.0000e-01
1.6852e-16
8.0000e-01
-1.1630e-16
-8.0000e-01
6.4085e-17
8.0000e-01
-4.1934e-18
-8.0000e-01
-9.4950e-17
8.0000e-01
0.0000e+00
-8.0000e-01

N:81	a:1.00e-11
Cond:6.90000e+01	Sol:[4;2.39999999998545;0;-0.399999999985453;1;0.899999999985454;-0.750000000000001;-0.774999999985454;0.812500000000001;0.806249999985454;-0.796875000000001;-0.798437499985455;0.800781250000002;0.800390624985456;-0.799804687500002;-0.799902343735456;0.800048828125001;0.800024414047955;-0.799987792968751;-0.79999389646983;0.800003051757813;0.800001525864362;-0.799999237060547;-0.799999618515729;0.800000190734863;0.800000095352887;-0.799999952316285;-0.799999976143598;0.80000001192093;0.800000005945921;-0.799999997019768;-0.799999998495339;0.800000000745059;0.800000000357984;-0.799999999813736;-0.799999999892323;0.800000000046567;0.800000000008738;-0.799999999988359;-0.799999999979635;0.800000000002911;0.79999999998691;-0.799999999999273;-1.66050221612568e-15;0.800000000007272;1.90552697177975e-15;-0.800000000007272;-2.01990132098579e-15;0.800000000007272;1.95289149973209e-15;-0.800000000007272;-1.72782202456657e-15;0.800000000007272;1.40515248509354e-15;-0.800000000007272;-1.20812102316064e-15;0.800000000007272;1.13705534829419e-15;-0.800000000007272;-1.06598967343036e-15;0.800000000007272;1.14435243213535e-15;-0.800000000007271;-1.26981796483181e-15;0.800000000007271;1.17756056837771e-15;-0.800000000007271;-1.0853031719279e-15;0.800000000007271;7.6682380873578e-16;-0.800000000007271;-5.62191480922638e-16;0.800000000007271;4.94362232685906e-16;-0.800000000007271;-4.26532984448158e-16;0.800000000007271;2.45536269053776e-16;-0.800000000007271;-9.60164259338294e-18;0.800000000007271;0;-0.799999999967271]
4.0000e+00
2.4000e+00
0.0000e+00
-4.0000e-01
1.0000e+00
9.0000e-01
-7.5000e-01
-7.7500e-01
8.1250e-01
8.0625e-01
-7.9688e-01
-7.9844e-01
8.0078e-01
8.0039e-01
-7.9980e-01
-7.9990e-01
8.0005e-01
8.0002e-01
-7.9999e-01
-7.9999e-01
8.0000e-01
8.0000e-01
-8.0000e-01
-8.0000e-01
8.0000e-01
8.0000e-01
-8.0000e-01
-8.0000e-01
8.0000e-01
8.0000e-01
-8.0000e-01
-8.0000e-01
8.0000e-01
8.0000e-01
-8.0000e-01
-8.0000e-01
8.0000e-01
8.0000e-01
-8.0000e-01
-8.0000e-01
8.0000e-01
8.0000e-01
-8.0000e-01
-1.6605e-15
8.0000e-01
1.9055e-15
-8.0000e-01
-2.0199e-15
8.0000e-01
1.9529e-15
-8.0000e-01
-1.7278e-15
8.0000e-01
1.4052e-15
-8.0000e-01
-1.2081e-15
8.0000e-01
1.1371e-15
-8.0000e-01
-1.0660e-15
8.0000e-01
1.1444e-15
-8.0000e-01
-1.2698e-15
8.0000e-01
1.1776e-15
-8.0000e-01
-1.0853e-15
8.0000e-01
7.6682e-16
-8.0000e-01
-5.6219e-16
8.0000e-01
4.9436e-16
-8.0000e-01
-4.2653e-16
8.0000e-01
2.4554e-16
-8.0000e-01
-9.6016e-18
8.0000e-01
0.0000e+00
-8.0000e-01

N:81	a:1.00e-13
Cond:6.90000e+01	Sol:[4;2.4000000000013;0;-0.400000000001296;1;0.900000000001296;-0.75;-0.775000000001296;0.8125;0.806250000001296;-0.796875;-0.798437500001297;0.800781250000001;0.800390625001298;-0.7998046875;-0.799902343751297;0.800048828124999;0.800024414063797;-0.79998779296875;-0.799993896485672;0.800003051757812;0.800001525880203;-0.799999237060547;-0.79999961853157;0.800000190734863;0.800000095368728;-0.799999952316285;-0.799999976159438;0.80000001192093;0.800000005961761;-0.799999997019768;-0.79999999851118;0.800000000745059;0.800000000373825;-0.799999999813736;-0.799999999908163;0.800000000046567;0.800000000024579;-0.79999999998836;-0.799999999995475;0.800000000002912;0.800000000002751;-0.799999999999274;0;0.799999999999353;5.40734679961066e-16;-0.799999999999353;-5.82792984149915e-16;0.799999999999353;3.78818608217781e-16;-0.799999999999353;-3.29958863123127e-16;0.799999999999353;1.79028205302375e-16;-0.799999999999353;-9.09299950810405e-17;0.799999999999353;2.31342188880245e-16;-0.799999999999353;-3.71754382679455e-16;0.799999999999353;5.14788557277914e-16;-0.799999999999353;-6.42152458184278e-16;0.799999999999353;7.91576217150496e-16;-0.799999999999353;-9.40999976116674e-16;0.799999999999353;1.11246526372315e-15;-0.799999999999353;-1.56261046398486e-15;0.799999999999353;1.66133561882152e-15;-0.799999999999353;-1.76006077365812e-15;0.799999999999353;1.70431559039461e-15;-0.799999999999353;-1.67210646107776e-15;0.799999999999353;1.63328061458195e-15;-0.799999999998953]
4.0000e+00
2.4000e+00
0.0000e+00
-4.0000e-01
1.0000e+00
9.0000e-01
-7.5000e-01
-7.7500e-01
8.1250e-01
8.0625e-01
-7.9687e-01
-7.9844e-01
8.0078e-01
8.0039e-01
-7.9980e-01
-7.9990e-01
8.0005e-01
8.0002e-01
-7.9999e-01
-7.9999e-01
8.0000e-01
8.0000e-01
-8.0000e-01
-8.0000e-01
8.0000e-01
8.0000e-01
-8.0000e-01
-8.0000e-01
8.0000e-01
8.0000e-01
-8.0000e-01
-8.0000e-01
8.0000e-01
8.0000e-01
-8.0000e-01
-8.0000e-01
8.0000e-01
8.0000e-01
-8.0000e-01
-8.0000e-01
8.0000e-01
8.0000e-01
-8.0000e-01
0.0000e+00
8.0000e-01
5.4073e-16
-8.0000e-01
-5.8279e-16
8.0000e-01
3.7882e-16
-8.0000e-01
-3.2996e-16
8.0000e-01
1.7903e-16
-8.0000e-01
-9.0930e-17
8.0000e-01
2.3134e-16
-8.0000e-01
-3.7175e-16
8.0000e-01
5.1479e-16
-8.0000e-01
-6.4215e-16
8.0000e-01
7.9158e-16
-8.0000e-01
-9.4100e-16
8.0000e-01
1.1125e-15
-8.0000e-01
-1.5626e-15
8.0000e-01
1.6613e-15
-8.0000e-01
-1.7601e-15
8.0000e-01
1.7043e-15
-8.0000e-01
-1.6721e-15
8.0000e-01
1.6333e-15
-8.0000e-01

N:81	a:1.00e-15
Cond:6.90000e+01	Sol:[4;2.40000000000145;0;-0.400000000001454;1;0.900000000001455;-0.750000000000001;-0.775000000001455;0.812500000000001;0.806250000001455;-0.796875000000001;-0.798437500001455;0.800781250000002;0.800390625001457;-0.799804687500001;-0.799902343751456;0.800048828125001;0.800024414063955;-0.799987792968751;-0.79999389648583;0.800003051757813;0.800001525880361;-0.799999237060547;-0.799999618531728;0.800000190734864;0.800000095368886;-0.799999952316286;-0.799999976159597;0.800000011920931;0.800000005961919;-0.799999997019769;-0.799999998511338;0.80000000074506;0.800000000373984;-0.799999999813737;-0.799999999908322;0.800000000046567;0.800000000024737;-0.79999999998836;-0.799999999995634;0.800000000002912;0.80000000000291;-0.799999999999274;0;0.799999999999276;-4.83326612292012e-18;-0.799999999999275;-1.77288572789683e-16;0.799999999999275;3.08177750187487e-17;-0.799999999999275;1.23129908081235e-16;0.799999999999276;1.82280268424934e-16;-0.799999999999275;-3.93515563278524e-16;0.799999999999275;4.27365723597422e-16;-0.799999999999276;-4.6121588391632e-16;0.799999999999276;3.73532182190776e-16;-0.799999999999276;-8.56616919827139e-17;0.799999999999276;2.48880690213231e-16;-0.799999999999276;-4.12099688443748e-16;0.799999999999276;3.40484233817126e-16;-0.799999999999276;-6.2608397889376e-16;0.799999999999277;8.13854563548582e-16;-0.799999999999276;-1.0016251482034e-15;0.799999999999277;1.15274618828415e-15;-0.799999999999276;-1.39808811630677e-15;0.799999999999276;1.24613261705125e-15;-0.799999999999273]
4.0000e+00
2.4000e+00
0.0000e+00
-4.0000e-01
1.0000e+00
9.0000e-01
-7.5000e-01
-7.7500e-01
8.1250e-01
8.0625e-01
-7.9688e-01
-7.9844e-01
8.0078e-01
8.0039e-01
-7.9980e-01
-7.9990e-01
8.0005e-01
8.0002e-01
-7.9999e-01
-7.9999e-01
8.0000e-01
8.0000e-01
-8.0000e-01
-8.0000e-01
8.0000e-01
8.0000e-01
-8.0000e-01
-8.0000e-01
8.0000e-01
8.0000e-01
-8.0000e-01
-8.0000e-01
8.0000e-01
8.0000e-01
-8.0000e-01
-8.0000e-01
8.0000e-01
8.0000e-01
-8.0000e-01
-8.0000e-01
8.0000e-01
8.0000e-01
-8.0000e-01
0.0000e+00
8.0000e-01
-4.8333e-18
-8.0000e-01
-1.7729e-16
8.0000e-01
3.0818e-17
-8.0000e-01
1.2313e-16
8.0000e-01
1.8228e-16
-8.0000e-01
-3.9352e-16
8.0000e-01
4.2737e-16
-8.0000e-01
-4.6122e-16
8.0000e-01
3.7353e-16
-8.0000e-01
-8.5662e-17
8.0000e-01
2.4888e-16
-8.0000e-01
-4.1210e-16
8.0000e-01
3.4048e-16
-8.0000e-01
-6.2608e-16
8.0000e-01
8.1385e-16
-8.0000e-01
-1.0016e-15
8.0000e-01
1.1527e-15
-8.0000e-01
-1.3981e-15
8.0000e-01
1.2461e-15
-8.0000e-01

N:161	a:1.00e+00
Cond:7.00000e+01	Sol:[4;1.6;0;0.399999999999999;1;0.1;-0.75;0.0249999999999993;0.8125;0.00625000000000091;-0.796875;0.00156249999999931;0.80078125;0.000390625000001201;-0.799804687499999;9.76562499988501e-05;0.800048828124999;2.44140625012749e-05;-0.799987792968749;6.10351562418985e-06;0.800003051757812;1.52587890689347e-06;-0.799999237060545;3.81469726392127e-07;0.800000190734863;9.53674324019113e-08;-0.799999952316283;2.38418573408387e-08;0.800000011920928;5.96046538384414e-09;-0.799999997019767;1.49011477514046e-09;0.800000000745057;3.7253080674562e-10;-0.799999999813735;9.31304279259355e-11;0.800000000046565;2.32846137641844e-11;-0.799999999988357;5.81959801031117e-12;0.800000000002909;1.45637662384415e-12;-0.799999999999271;3.62889473440706e-13;0.800000000000181;9.17576309810392e-14;-0.799999999999953;2.15925273189739e-14;0.80000000000001;7.45699149751359e-15;-0.799999999999996;-5.73244898408372e-16;0.799999999999999;2.79962324847058e-15;-0.799999999999998;-2.12438059616569e-15;0.799999999999999;3.00305197176304e-15;-0.799999999999998;-2.48526232240096e-15;0.799999999999998;1.98426951449153e-15;-0.799999999999997;-1.7552808098379e-15;0.799999999999997;1.50117045523422e-15;-0.799999999999998;-1.43201228182795e-15;0.799999999999998;1.32899101767718e-15;-0.799999999999998;-8.742410037006e-16;0.799999999999998;6.2189640183216e-16;-0.799999999999998;-4.53027927521399e-16;0.799999999999998;1.34965022235135e-16;-0.799999999999999;-6.01223233992519e-16;0.799999999999998;4.15055639426377e-17;-0.799999999999998;0;0.799999999999998;-1.2529428495493e-15;-0.8;6.36252605040275e-16;0.799999999999999;-6.90103593535234e-16;-0.8;7.18725197355956e-16;0.8;-5.72680153020447e-16;-0.8;5.3165794735481e-16;0.8;-7.37289142030153e-16;-0.8;6.22013557212264e-16;0.8;-9.02236195780013e-16;-0.799999999999999;1.27088006674762e-15;0.8;-8.8762038741015e-16;-0.8;8.00628708042712e-16;0.8;-5.29142961862222e-16;-0.8;6.07181024665985e-16;0.8;-1.81662978140573e-16;-0.8;4.02514110512875e-16;0.8;-8.60620173429096e-17;-0.8;-2.88075607267962e-16;0.800000000000001;8.52522433496482e-16;-0.800000000000001;-1.01344939137879e-15;0.800000000000001;7.26899962949019e-16;-0.800000000000001;-7.57016226949514e-16;0.800000000000001;8.27438389590904e-16;-0.800000000000002;-1.10936738723665e-15;0.800000000000002;1.03068866329434e-15;-0.800000000000002;-1.04120671816282e-15;0.800000000000002;1.44011051352238e-15;-0.800000000000002;-1.52077969793761e-15;0.800000000000002;1.40954753422083e-15;-0.800000000000003;-1.44190688564354e-15;0.800000000000003;1.4026930783711e-15;-0.800000000000003;-1.48316364007304e-15;0.800000000000004;1.71083008999202e-15;-0.800000000000004;-1.27429397798077e-15;0.800000000000004;1.41921302595135e-15;-0.800000000000004;-1.92146944077028e-15;0.800000000000004;1.45743933684299e-15;-0.800000000000004;-1.98474790495872e-15;0.800000000000003;1.59469944976441e-15;1.2]
4.0000e+00
1.6000e+00
0.0000e+00
4.0000e-01
1.0000e+00
1.0000e-01
-7.5000e-01
2.5000e-02
8.1250e-01
6.2500e-03
-7.9687e-01
1.5625e-03
8.0078e-01
3.9063e-04
-7.9980e-01
9.7656e-05
8.0005e-01
2.4414e-05
-7.9999e-01
6.1035e-06
8.0000e-01
1.5259e-06
-8.0000e-01
3.8147e-07
8.0000e-01
9.5367e-08
-8.0000e-01
2.3842e-08
8.0000e-01
5.9605e-09
-8.0000e-01
1.4901e-09
8.0000e-01
3.7253e-10
-8.0000e-01
9.3130e-11
8.0000e-01
2.3285e-11
-8.0000e-01
5.8196e-12
8.0000e-01
1.4564e-12
-8.0000e-01
3.6289e-13
8.0000e-01
9.1758e-14
-8.0000e-01
2.1593e-14
8.0000e-01
7.4570e-15
-8.0000e-01
-5.7324e-16
8.0000e-01
2.7996e-15
-8.0000e-01
-2.1244e-15
8.0000e-01
3.0031e-15
-8.0000e-01
-2.4853e-15
8.0000e-01
1.9843e-15
-8.0000e-01
-1.7553e-15
8.0000e-01
1.5012e-15
-8.0000e-01
-1.4320e-15
8.0000e-01
1.3290e-15
-8.0000e-01
-8.7424e-16
8.0000e-01
6.2190e-16
-8.0000e-01
-4.5303e-16
8.0000e-01
1.3497e-16
-8.0000e-01
-6.0122e-16
8.0000e-01
4.1506e-17
-8.0000e-01
0.0000e+00
8.0000e-01
-1.2529e-15
-8.0000e-01
6.3625e-16
8.0000e-01
-6.9010e-16
-8.0000e-01
7.1873e-16
8.0000e-01
-5.7268e-16
-8.0000e-01
5.3166e-16
8.0000e-01
-7.3729e-16
-8.0000e-01
6.2201e-16
8.0000e-01
-9.0224e-16
-8.0000e-01
1.2709e-15
8.0000e-01
-8.8762e-16
-8.0000e-01
8.0063e-16
8.0000e-01
-5.2914e-16
-8.0000e-01
6.0718e-16
8.0000e-01
-1.8166e-16
-8.0000e-01
4.0251e-16
8.0000e-01
-8.6062e-17
-8.0000e-01
-2.8808e-16
8.0000e-01
8.5252e-16
-8.0000e-01
-1.0134e-15
8.0000e-01
7.2690e-16
-8.0000e-01
-7.5702e-16
8.0000e-01
8.2744e-16
-8.0000e-01
-1.1094e-15
8.0000e-01
1.0307e-15
-8.0000e-01
-1.0412e-15
8.0000e-01
1.4401e-15
-8.0000e-01
-1.5208e-15
8.0000e-01
1.4095e-15
-8.0000e-01
-1.4419e-15
8.0000e-01
1.4027e-15
-8.0000e-01
-1.4832e-15
8.0000e-01
1.7108e-15
-8.0000e-01
-1.2743e-15
8.0000e-01
1.4192e-15
-8.0000e-01
-1.9215e-15
8.0000e-01
1.4574e-15
-8.0000e-01
-1.9847e-15
8.0000e-01
1.5947e-15
1.2000e+00

N:161	a:1.00e-01
Cond:1.20000e+02	Sol:[4;2.25454545454545;0;-0.254545454545451;0.999999999999999;0.75454545454545;-0.749999999999999;-0.62954545454545;0.8125;0.660795454545451;-0.796874999999999;-0.65298295454545;0.800781249999999;0.65493607954545;-0.799804687499999;-0.65444779829545;0.800048828124999;0.65456986860795;-0.799987792968749;-0.654539351029825;0.800003051757811;0.654546980424357;-0.799999237060545;-0.654545073075724;0.800000190734861;0.654545549912882;-0.799999952316281;-0.654545430703593;0.800000011920926;0.654545460505915;-0.799999997019765;-0.654545453055334;0.800000000745055;0.654545454917979;-0.799999999813731;-0.654545454452318;0.800000000046561;0.654545454568733;-0.799999999988354;-0.654545454539629;0.800000000002906;0.654545454546906;-0.799999999999269;-0.654545454545087;0.800000000000178;0.654545454545541;-0.799999999999951;-0.654545454545427;0.800000000000008;0.654545454545456;-0.799999999999994;-0.654545454545449;0.799999999999997;0.65454545454545;-0.799999999999996;-0.65454545454545;0.799999999999996;0.65454545454545;-0.799999999999996;-0.65454545454545;0.799999999999997;0.65454545454545;-0.799999999999996;-0.65454545454545;0.799999999999996;0.654545454545451;-0.799999999999995;-0.65454545454545;0.799999999999995;0.654545454545451;-0.799999999999995;-0.65454545454545;0.799999999999995;0.654545454545451;-0.799999999999995;-0.654545454545451;0.799999999999995;0.654545454545451;-0.799999999999995;-0.654545454545451;0.799999999999995;0.654545454545451;-0.799999999999995;0;0.8595041322314;0.00540946656649142;-0.859012362543537;-0.00536476023123112;0.859016426755833;0.00536512970507587;-0.859016393167302;-0.00536512665157301;0.859016393444893;0.00536512667680863;-0.859016393442599;-0.00536512667659991;0.859016393442618;0.00536512667660158;-0.859016393442617;-0.00536512667660143;0.859016393442616;0.0053651266766012;-0.859016393442617;-0.00536512667660126;0.859016393442617;0.00536512667660137;-0.859016393442617;-0.00536512667660139;0.859016393442617;0.00536512667660142;-0.859016393442617;-0.00536512667660138;0.859016393442617;0.00536512667660138;-0.859016393442617;-0.00536512667660161;0.859016393442617;0.00536512667660188;-0.859016393442617;-0.00536512667660183;0.859016393442617;0.0053651266766019;-0.859016393442617;-0.00536512667660212;0.859016393442618;0.00536512667660235;-0.859016393442618;-0.00536512667660272;0.859016393442619;0.00536512667660315;-0.859016393442619;-0.00536512667660281;0.859016393442619;0.00536512667660247;-0.859016393442619;-0.00536512667660265;0.859016393442619;0.00536512667660285;-0.859016393442619;-0.00536512667660283;0.85901639344262;0.00536512667660286;-0.85901639344262;-0.00536512667660272;0.85901639344262;0.0053651266766028;-0.85901639344262;-0.00536512667660298;0.85901639344262;0.00536512667660316;-0.85901639344262;-0.00536512667660344;0.85901639344262;0.00536512667660328;-0.85901639344262;-0.00536512667660313;0.85901639344262;0.00536512667660303;-0.85901639344262;-0.00536512667660305;0.859016393442619;0.0053651266766031;-0.495380029806256]
4.0000e+00
2.2545e+00
0.0000e+00
-2.5455e-01
1.0000e+00
7.5455e-01
-7.5000e-01
-6.2955e-01
8.1250e-01
6.6080e-01
-7.9687e-01
-6.5298e-01
8.0078e-01
6.5494e-01
-7.9980e-01
-6.5445e-01
8.0005e-01
6.5457e-01
-7.9999e-01
-6.5454e-01
8.0000e-01
6.5455e-01
-8.0000e-01
-6.5455e-01
8.0000e-01
6.5455e-01
-8.0000e-01
-6.5455e-01
8.0000e-01
6.5455e-01
-8.0000e-01
-6.5455e-01
8.0000e-01
6.5455e-01
-8.0000e-01
-6.5455e-01
8.0000e-01
6.5455e-01
-8.0000e-01
-6.5455e-01
8.0000e-01
6.5455e-01
-8.0000e-01
-6.5455e-01
8.0000e-01
6.5455e-01
-8.0000e-01
-6.5455e-01
8.0000e-01
6.5455e-01
-8.0000e-01
-6.5455e-01
8.0000e-01
6.5455e-01
-8.0000e-01
-6.5455e-01
8.0000e-01
6.5455e-01
-8.0000e-01
-6.5455e-01
8.0000e-01
6.5455e-01
-8.0000e-01
-6.5455e-01
8.0000e-01
6.5455e-01
-8.0000e-01
-6.5455e-01
8.0000e-01
6.5455e-01
-8.0000e-01
-6.5455e-01
8.0000e-01
6.5455e-01
-8.0000e-01
-6.5455e-01
8.0000e-01
6.5455e-01
-8.0000e-01
-6.5455e-01
8.0000e-01
6.5455e-01
-8.0000e-01
0.0000e+00
8.5950e-01
5.4095e-03
-8.5901e-01
-5.3648e-03
8.5902e-01
5.3651e-03
-8.5902e-01
-5.3651e-03
8.5902e-01
5.3651e-03
-8.5902e-01
-5.3651e-03
8.5902e-01
5.3651e-03
-8.5902e-01
-5.3651e-03
8.5902e-01
5.3651e-03
-8.5902e-01
-5.3651e-03
8.5902e-01
5.3651e-03
-8.5902e-01
-5.3651e-03
8.5902e-01
5.3651e-03
-8.5902e-01
-5.3651e-03
8.5902e-01
5.3651e-03
-8.5902e-01
-5.3651e-03
8.5902e-01
5.3651e-03
-8.5902e-01
-5.3651e-03
8.5902e-01
5.3651e-03
-8.5902e-01
-5.3651e-03
8.5902e-01
5.3651e-03
-8.5902e-01
-5.3651e-03
8.5902e-01
5.3651e-03
-8.5902e-01
-5.3651e-03
8.5902e-01
5.3651e-03
-8.5902e-01
-5.3651e-03
8.5902e-01
5.3651e-03
-8.5902e-01
-5.3651e-03
8.5902e-01
5.3651e-03
-8.5902e-01
-5.3651e-03
8.5902e-01
5.3651e-03
-8.5902e-01
-5.3651e-03
8.5902e-01
5.3651e-03
-8.5902e-01
-5.3651e-03
8.5902e-01
5.3651e-03
-8.5902e-01
-5.3651e-03
8.5902e-01
5.3651e-03
-8.5902e-01
-5.3651e-03
8.5902e-01
5.3651e-03
-4.9538e-01

N:161	a:1.00e-03
Cond:1.36000e+02	Sol:[4;2.39840159840159;0;-0.398401598401594;0.999999999999999;0.898401598401593;-0.75;-0.773401598401594;0.8125;0.804651598401594;-0.796874999999999;-0.796839098401594;0.80078125;0.798792223401594;-0.7998046875;-0.798303942151594;0.800048828125;0.798426012464094;-0.79998779296875;-0.798395494885969;0.800003051757812;0.798403124280501;-0.799999237060546;-0.798401216931868;0.800000190734862;0.798401693769026;-0.799999952316282;-0.798401574559736;0.800000011920927;0.798401604362059;-0.799999997019765;-0.798401596911478;0.800000000745055;0.798401598774124;-0.799999999813731;-0.798401598308462;0.800000000046562;0.798401598424877;-0.799999999988353;-0.798401598395773;0.800000000002906;0.798401598403049;-0.799999999999268;-0.79840159840123;0.800000000000178;0.798401598401685;-0.799999999999951;-0.798401598401571;0.800000000000008;0.7984015984016;-0.799999999999993;-0.798401598401593;0.799999999999997;0.798401598401595;-0.799999999999996;-0.798401598401594;0.799999999999997;0.798401598401594;-0.799999999999997;-0.798401598401594;0.799999999999997;0.798401598401594;-0.799999999999997;-0.798401598401595;0.799999999999997;0.798401598401595;-0.799999999999996;-0.798401598401595;0.799999999999997;0.798401598401595;-0.799999999999997;-0.798401598401595;0.799999999999997;0.798401598401595;-0.799999999999997;-0.798401598401595;0.799999999999997;0.798401598401596;-0.799999999999997;-0.798401598401596;0.799999999999997;0.798401598401596;-0.799999999999997;0;0.800797603994405;7.96807187529355e-07;-0.800797603198394;-7.96806391906415e-07;0.800797603198395;7.96806391812654e-07;-0.800797603198395;-7.96806391485598e-07;0.800797603198396;7.9680639140051e-07;-0.800797603198395;-7.96806391378008e-07;0.800797603198396;7.96806391461267e-07;-0.800797603198395;-7.96806391638737e-07;0.800797603198395;7.96806391809919e-07;-0.800797603198395;-7.96806391887984e-07;0.800797603198395;7.96806391652106e-07;-0.800797603198395;-7.96806391680183e-07;0.800797603198395;7.96806391363195e-07;-0.800797603198395;-7.96806390967999e-07;0.800797603198395;7.96806390571953e-07;-0.800797603198395;-7.9680639001733e-07;0.800797603198395;7.96806390210778e-07;-0.800797603198395;-7.96806390377057e-07;0.800797603198395;7.96806390704501e-07;-0.800797603198395;-7.96806390914483e-07;0.800797603198395;7.96806391039119e-07;-0.800797603198395;-7.96806391085371e-07;0.800797603198396;7.96806391068437e-07;-0.800797603198396;-7.968063911827e-07;0.800797603198396;7.96806391370559e-07;-0.800797603198396;-7.96806391558108e-07;0.800797603198396;7.96806391783997e-07;-0.800797603198395;-7.96806392040427e-07;0.800797603198395;7.96806391924197e-07;-0.800797603198395;-7.96806391938069e-07;0.800797603198395;7.96806391789095e-07;-0.800797603198395;-7.96806391796382e-07;0.800797603198395;7.96806391833864e-07;-0.800797603198395;-7.96806391871309e-07;0.800797603198395;7.96806392063204e-07;-0.800797603198395;-7.96806392353571e-07;0.800797603198395;7.9680639239132e-07;-0.800797603198395;-7.96806392502599e-07;0.800797603198395;7.96806392631451e-07;-0.796801599202391]
4.0000e+00
2.3984e+00
0.0000e+00
-3.9840e-01
1.0000e+00
8.9840e-01
-7.5000e-01
-7.7340e-01
8.1250e-01
8.0465e-01
-7.9687e-01
-7.9684e-01
8.0078e-01
7.9879e-01
-7.9980e-01
-7.9830e-01
8.0005e-01
7.9843e-01
-7.9999e-01
-7.9840e-01
8.0000e-01
7.9840e-01
-8.0000e-01
-7.9840e-01
8.0000e-01
7.9840e-01
-8.0000e-01
-7.9840e-01
8.0000e-01
7.9840e-01
-8.0000e-01
-7.9840e-01
8.0000e-01
7.9840e-01
-8.0000e-01
-7.9840e-01
8.0000e-01
7.9840e-01
-8.0000e-01
-7.9840e-01
8.0000e-01
7.9840e-01
-8.0000e-01
-7.9840e-01
8.0000e-01
7.9840e-01
-8.0000e-01
-7.9840e-01
8.0000e-01
7.9840e-01
-8.0000e-01
-7.9840e-01
8.0000e-01
7.9840e-01
-8.0000e-01
-7.9840e-01
8.0000e-01
7.9840e-01
-8.0000e-01
-7.9840e-01
8.0000e-01
7.9840e-01
-8.0000e-01
-7.9840e-01
8.0000e-01
7.9840e-01
-8.0000e-01
-7.9840e-01
8.0000e-01
7.9840e-01
-8.0000e-01
-7.9840e-01
8.0000e-01
7.9840e-01
-8.0000e-01
-7.9840e-01
8.0000e-01
7.9840e-01
-8.0000e-01
-7.9840e-01
8.0000e-01
7.9840e-01
-8.0000e-01
0.0000e+00
8.0080e-01
7.9681e-07
-8.0080e-01
-7.9681e-07
8.0080e-01
7.9681e-07
-8.0080e-01
-7.9681e-07
8.0080e-01
7.9681e-07
-8.0080e-01
-7.9681e-07
8.0080e-01
7.9681e-07
-8.0080e-01
-7.9681e-07
8.0080e-01
7.9681e-07
-8.0080e-01
-7.9681e-07
8.0080e-01
7.9681e-07
-8.0080e-01
-7.9681e-07
8.0080e-01
7.9681e-07
-8.0080e-01
-7.9681e-07
8.0080e-01
7.9681e-07
-8.0080e-01
-7.9681e-07
8.0080e-01
7.9681e-07
-8.0080e-01
-7.9681e-07
8.0080e-01
7.9681e-07
-8.0080e-01
-7.9681e-07
8.0080e-01
7.9681e-07
-8.0080e-01
-7.9681e-07
8.0080e-01
7.9681e-07
-8.0080e-01
-7.9681e-07
8.0080e-01
7.9681e-07
-8.0080e-01
-7.9681e-07
8.0080e-01
7.9681e-07
-8.0080e-01
-7.9681e-07
8.0080e-01
7.9681e-07
-8.0080e-01
-7.9681e-07
8.0080e-01
7.9681e-07
-8.0080e-01
-7.9681e-07
8.0080e-01
7.9681e-07
-8.0080e-01
-7.9681e-07
8.0080e-01
7.9681e-07
-8.0080e-01
-7.9681e-07
8.0080e-01
7.9681e-07
-8.0080e-01
-7.9681e-07
8.0080e-01
7.9681e-07
-7.9680e-01

N:161	a:1.00e-05
Cond:1.37000e+02	Sol:[4;2.39998400016;0;-0.399984000159996;1;0.899984000159995;-0.75;-0.774984000159995;0.812500000000001;0.806234000159996;-0.796875;-0.798421500159996;0.80078125;0.800374625159997;-0.799804687500001;-0.799886343909997;0.800048828125001;0.800008414222497;-0.79998779296875;-0.799977896644372;0.800003051757813;0.799985526038903;-0.799999237060547;-0.79998361869027;0.800000190734863;0.799984095527429;-0.799999952316283;-0.799983976318139;0.800000011920928;0.799984006120461;-0.799999997019767;-0.799983998669881;0.800000000745056;0.799984000532526;-0.799999999813732;-0.799984000066864;0.800000000046562;0.799984000183279;-0.799999999988354;-0.799984000154175;0.800000000002907;0.799984000161452;-0.799999999999269;-0.799984000159632;0.800000000000179;0.799984000160087;-0.799999999999952;-0.799984000159973;0.800000000000009;0.799984000160002;-0.799999999999994;-0.799984000159994;0.799999999999998;0.799984000159996;-0.799999999999997;-0.799984000159995;0.799999999999998;0.799984000159995;-0.799999999999998;-0.799984000159995;0.799999999999999;0.799984000159996;-0.799999999999998;-0.799984000159996;0.799999999999998;0.799984000159996;-0.799999999999998;-0.799984000159996;0.799999999999998;0.799984000159996;-0.799999999999998;-0.799984000159996;0.799999999999998;0.799984000159996;-0.799999999999998;-0.799984000159996;0.799999999999998;0.799984000159997;-0.799999999999998;-0.799984000159997;0.799999999999998;0.799984000159996;-0.799999999999999;0;0.800007999760003;7.99966690677839e-11;-0.800007999760002;-7.99970542479278e-11;0.800007999760002;7.99966208236677e-11;-0.800007999760002;-7.99968808752648e-11;0.800007999760003;7.99972958226573e-11;-0.800007999760003;-7.99969336035604e-11;0.800007999760003;7.99966902936012e-11;-0.800007999760004;-7.99965659094427e-11;0.800007999760004;7.99964393481082e-11;-0.800007999760004;-7.99962965683467e-11;0.800007999760004;7.99961821139342e-11;-0.800007999760004;-7.99966291940622e-11;0.800007999760004;7.99969977662458e-11;-0.800007999760004;-7.99969105648605e-11;0.800007999760004;7.99968479442703e-11;-0.800007999760004;-7.99965676539077e-11;0.800007999760004;7.99962893386777e-11;-0.800007999760004;-7.99959634946266e-11;0.800007999760004;7.99958222597414e-11;-0.800007999760004;-7.99956040967307e-11;0.800007999760004;7.99953702277485e-11;-0.800007999760004;-7.9995317446998e-11;0.800007999760005;7.99952686231938e-11;-0.800007999760005;-7.99950821633325e-11;0.800007999760005;7.99949271049132e-11;-0.800007999760005;-7.99945554106335e-11;0.800007999760005;7.99941479165028e-11;-0.800007999760005;-7.99937745645161e-11;0.800007999760005;7.99933541108512e-11;-0.800007999760004;-7.99932644752901e-11;0.800007999760004;7.99932405969606e-11;-0.800007999760004;-7.99932010886671e-11;0.800007999760005;7.99932046899576e-11;-0.800007999760005;-7.99932692592791e-11;0.800007999760005;7.99932127650176e-11;-0.800007999760005;-7.99932633866229e-11;0.800007999760005;7.99932178719926e-11;-0.800007999760005;-7.99932135292839e-11;0.800007999760005;7.99932395253249e-11;-0.79996800016]
4.0000e+00
2.4000e+00
0.0000e+00
-3.9998e-01
1.0000e+00
8.9998e-01
-7.5000e-01
-7.7498e-01
8.1250e-01
8.0623e-01
-7.9688e-01
-7.9842e-01
8.0078e-01
8.0037e-01
-7.9980e-01
-7.9989e-01
8.0005e-01
8.0001e-01
-7.9999e-01
-7.9998e-01
8.0000e-01
7.9999e-01
-8.0000e-01
-7.9998e-01
8.0000e-01
7.9998e-01
-8.0000e-01
-7.9998e-01
8.0000e-01
7.9998e-01
-8.0000e-01
-7.9998e-01
8.0000e-01
7.9998e-01
-8.0000e-01
-7.9998e-01
8.0000e-01
7.9998e-01
-8.0000e-01
-7.9998e-01
8.0000e-01
7.9998e-01
-8.0000e-01
-7.9998e-01
8.0000e-01
7.9998e-01
-8.0000e-01
-7.9998e-01
8.0000e-01
7.9998e-01
-8.0000e-01
-7.9998e-01
8.0000e-01
7.9998e-01
-8.0000e-01
-7.9998e-01
8.0000e-01
7.9998e-01
-8.0000e-01
-7.9998e-01
8.0000e-01
7.9998e-01
-8.0000e-01
-7.9998e-01
8.0000e-01
7.9998e-01
-8.0000e-01
-7.9998e-01
8.0000e-01
7.9998e-01
-8.0000e-01
-7.9998e-01
8.0000e-01
7.9998e-01
-8.0000e-01
-7.9998e-01
8.0000e-01
7.9998e-01
-8.0000e-01
-7.9998e-01
8.0000e-01
7.9998e-01
-8.0000e-01
0.0000e+00
8.0001e-01
7.9997e-11
-8.0001e-01
-7.9997e-11
8.0001e-01
7.9997e-11
-8.0001e-01
-7.9997e-11
8.0001e-01
7.9997e-11
-8.0001e-01
-7.9997e-11
8.0001e-01
7.9997e-11
-8.0001e-01
-7.9997e-11
8.0001e-01
7.9996e-11
-8.0001e-01
-7.9996e-11
8.0001e-01
7.9996e-11
-8.0001e-01
-7.9997e-11
8.0001e-01
7.9997e-11
-8.0001e-01
-7.9997e-11
8.0001e-01
7.9997e-11
-8.0001e-01
-7.9997e-11
8.0001e-01
7.9996e-11
-8.0001e-01
-7.9996e-11
8.0001e-01
7.9996e-11
-8.0001e-01
-7.9996e-11
8.0001e-01
7.9995e-11
-8.0001e-01
-7.9995e-11
8.0001e-01
7.9995e-11
-8.0001e-01
-7.9995e-11
8.0001e-01
7.9995e-11
-8.0001e-01
-7.9995e-11
8.0001e-01
7.9994e-11
-8.0001e-01
-7.9994e-11
8.0001e-01
7.9993e-11
-8.0001e-01
-7.9993e-11
8.0001e-01
7.9993e-11
-8.0001e-01
-7.9993e-11
8.0001e-01
7.9993e-11
-8.0001e-01
-7.9993e-11
8.0001e-01
7.9993e-11
-8.0001e-01
-7.9993e-11
8.0001e-01
7.9993e-11
-8.0001e-01
-7.9993e-11
8.0001e-01
7.9993e-11
-7.9997e-01

N:161	a:1.00e-07
Cond:1.37000e+02	Sol:[4;2.39999984000001;0;-0.399999840000013;1;0.899999840000013;-0.75;-0.774999840000013;0.8125;0.806249840000014;-0.796874999999999;-0.798437340000014;0.800781249999999;0.800390465000014;-0.7998046875;-0.799902183750014;0.800048828125;0.800024254062514;-0.79998779296875;-0.799993736484389;0.800003051757813;0.80000136587892;-0.799999237060546;-0.799999458530287;0.800000190734863;0.799999935367445;-0.799999952316283;-0.799999816158155;0.800000011920928;0.799999845960477;-0.799999997019767;-0.799999838509897;0.800000000745056;0.799999840372542;-0.799999999813732;-0.79999983990688;0.800000000046562;0.799999840023295;-0.799999999988354;-0.799999839994191;0.800000000002907;0.799999840001467;-0.799999999999269;-0.799999839999649;0.800000000000179;0.799999840000103;-0.799999999999952;-0.799999839999989;0.800000000000009;0.799999840000018;-0.799999999999994;-0.799999840000011;0.799999999999998;0.799999840000013;-0.799999999999997;-0.799999840000012;0.799999999999997;0.799999840000013;-0.799999999999997;-0.799999840000012;0.799999999999998;0.799999840000013;-0.799999999999997;-0.799999840000013;0.799999999999998;0.799999840000013;-0.799999999999997;-0.799999840000013;0.799999999999997;0.799999840000013;-0.799999999999997;-0.799999840000013;0.799999999999997;0.799999840000013;-0.799999999999997;-0.799999840000013;0.799999999999997;0.799999840000013;-0.799999999999997;-0.799999840000013;0.799999999999997;0.799999840000013;-0.799999999999998;0;0.800000079999973;8.35907564300404e-15;-0.800000079999973;-8.06625653308826e-15;0.800000079999973;8.33902746275896e-15;-0.800000079999973;-7.9206331220918e-15;0.800000079999972;7.86679076857697e-15;-0.800000079999973;-7.97727742108135e-15;0.800000079999973;8.21651609430996e-15;-0.800000079999973;-8.2307210296912e-15;0.800000079999973;8.19798507911122e-15;-0.800000079999973;-8.18602507521616e-15;0.800000079999973;8.16906295677478e-15;-0.800000079999973;-7.88952698557053e-15;0.800000079999973;7.68849562188305e-15;-0.800000079999973;-7.27074321480476e-15;0.800000079999973;6.83980710575707e-15;-0.800000079999972;-6.79065676319073e-15;0.800000079999972;6.82589886480914e-15;-0.800000079999972;-6.67933640634626e-15;0.800000079999971;6.50529721061057e-15;-0.800000079999972;-6.618473825699e-15;0.800000079999972;6.68060716243904e-15;-0.800000079999972;-6.37205588464497e-15;0.800000079999972;6.06301396635657e-15;-0.800000079999972;-6.20624507734808e-15;0.800000079999971;6.37499026092679e-15;-0.800000079999971;-6.54305512152802e-15;0.800000079999971;6.77393900672441e-15;-0.800000079999971;-6.59159024845403e-15;0.800000079999971;6.3621233852864e-15;-0.800000079999971;-6.4448983745939e-15;0.800000079999971;6.57479130058899e-15;-0.800000079999971;-6.61789516877676e-15;0.800000079999971;6.66099905677746e-15;-0.800000079999971;-6.60323055745897e-15;0.800000079999971;6.5842246035597e-15;-0.800000079999971;-6.43695883749116e-15;0.800000079999971;6.27393078633673e-15;-0.800000079999971;-6.27564912233437e-15;0.800000079999971;6.24000574723652e-15;-0.799999680000011]
4.0000e+00
2.4000e+00
0.0000e+00
-4.0000e-01
1.0000e+00
9.0000e-01
-7.5000e-01
-7.7500e-01
8.1250e-01
8.0625e-01
-7.9687e-01
-7.9844e-01
8.0078e-01
8.0039e-01
-7.9980e-01
-7.9990e-01
8.0005e-01
8.0002e-01
-7.9999e-01
-7.9999e-01
8.0000e-01
8.0000e-01
-8.0000e-01
-8.0000e-01
8.0000e-01
8.0000e-01
-8.0000e-01
-8.0000e-01
8.0000e-01
8.0000e-01
-8.0000e-01
-8.0000e-01
8.0000e-01
8.0000e-01
-8.0000e-01
-8.0000e-01
8.0000e-01
8.0000e-01
-8.0000e-01
-8.0000e-01
8.0000e-01
8.0000e-01
-8.0000e-01
-8.0000e-01
8.0000e-01
8.0000e-01
-8.0000e-01
-8.0000e-01
8.0000e-01
8.0000e-01
-8.0000e-01
-8.0000e-01
8.0000e-01
8.0000e-01
-8.0000e-01
-8.0000e-01
8.0000e-01
8.0000e-01
-8.0000e-01
-8.0000e-01
8.0000e-01
8.0000e-01
-8.0000e-01
-8.0000e-01
8.0000e-01
8.0000e-01
-8.0000e-01
-8.0000e-01
8.0000e-01
8.0000e-01
-8.0000e-01
-8.0000e-01
8.0000e-01
8.0000e-01
-8.0000e-01
-8.0000e-01
8.0000e-01
8.0000e-01
-8.0000e-01
-8.0000e-01
8.0000e-01
8.0000e-01
-8.0000e-01
0.0000e+00
8.0000e-01
8.3591e-15
-8.0000e-01
-8.0663e-15
8.0000e-01
8.3390e-15
-8.0000e-01
-7.9206e-15
8.0000e-01
7.8668e-15
-8.0000e-01
-7.9773e-15
8.0000e-01
8.2165e-15
-8.0000e-01
-8.2307e-15
8.0000e-01
8.1980e-15
-8.0000e-01
-8.1860e-15
8.0000e-01
8.1691e-15
-8.0000e-01
-7.8895e-15
8.0000e-01
7.6885e-15
-8.0000e-01
-7.2707e-15
8.0000e-01
6.8398e-15
-8.0000e-01
-6.7907e-15
8.0000e-01
6.8259e-15
-8.0000e-01
-6.6793e-15
8.0000e-01
6.5053e-15
-8.0000e-01
-6.6185e-15
8.0000e-01
6.6806e-15
-8.0000e-01
-6.3721e-15
8.0000e-01
6.0630e-15
-8.0000e-01
-6.2062e-15
8.0000e-01
6.3750e-15
-8.0000e-01
-6.5431e-15
8.0000e-01
6.7739e-15
-8.0000e-01
-6.5916e-15
8.0000e-01
6.3621e-15
-8.0000e-01
-6.4449e-15
8.0000e-01
6.5748e-15
-8.0000e-01
-6.6179e-15
8.0000e-01
6.6610e-15
-8.0000e-01
-6.6032e-15
8.0000e-01
6.5842e-15
-8.0000e-01
-6.4370e-15
8.0000e-01
6.2739e-15
-8.0000e-01
-6.2756e-15
8.0000e-01
6.2400e-15
-8.0000e-01

N:161	a:1.00e-09
Cond:1.37000e+02	Sol:[4;2.3999999984;0;-0.399999998399998;1;0.899999998399997;-0.75;-0.774999998399997;0.8125;0.806249998399998;-0.796875;-0.798437498399998;0.80078125;0.800390623399998;-0.7998046875;-0.799902342149998;0.800048828125;0.800024412462498;-0.79998779296875;-0.799993894884373;0.800003051757813;0.800001524278905;-0.799999237060546;-0.799999616930272;0.800000190734863;0.80000009376743;-0.799999952316283;-0.79999997455814;0.800000011920928;0.800000004360462;-0.799999997019767;-0.799999996909882;0.800000000745056;0.799999998772527;-0.799999999813733;-0.799999998306865;0.800000000046564;0.79999999842328;-0.799999999988356;-0.799999998394176;0.800000000002909;0.799999998401453;-0.799999999999271;-0.799999998399634;0.800000000000181;0.799999998400088;-0.799999999999954;-0.799999998399975;0.80000000000001;0.799999998400003;-0.799999999999995;-0.799999998399995;0.8;0.799999998399998;-0.799999999999999;-0.799999998399997;0.799999999999999;0.799999998399997;-0.8;-0.799999998399997;0.8;0.799999998399997;-0.799999999999999;-0.799999998399997;0.8;0.799999998399997;-0.799999999999999;-0.799999998399997;0.799999999999999;0.799999998399997;-0.799999999999999;-0.799999998399997;0.799999999999998;0.799999998399997;-0.799999999999998;-0.799999998399997;0.799999999999998;0.799999998399998;-0.799999999999998;-0.799999998399998;0.799999999999998;0.799999998399998;-0.799999999999998;0;0.800000000799999;6.46411983266044e-16;-0.800000000799999;-1.16287626965616e-15;0.800000000799999;1.03931621015729e-15;-0.800000000799999;-4.45668850518859e-16;0.800000000799999;7.33071575059657e-16;-0.8000000008;-7.2543394212529e-16;0.8000000008;7.17796309942359e-16;-0.800000000799999;-8.82714799418955e-16;0.800000000799999;1.27986939621024e-15;-0.800000000799999;-1.67702399428536e-15;0.800000000799999;1.53625346914287e-15;-0.800000000799999;-1.15276880006729e-15;0.800000000799999;7.69284130821219e-16;-0.800000000799999;-9.31034371811898e-16;0.800000000799999;1.29458672433275e-15;-0.800000000799999;-1.65813907568215e-15;0.800000000799999;1.47892930976512e-15;-0.800000000799999;-1.40170011791914e-15;0.800000000799999;1.32447092611195e-15;-0.800000000799999;-1.02452998794311e-15;0.800000000799999;9.16652317644204e-16;-0.8000000008;-8.08774647724103e-16;0.8000000008;9.6065677031689e-16;-0.8000000008;-9.66491222360364e-16;0.8000000008;9.72325673913645e-16;-0.8000000008;-9.74899883132079e-16;0.8000000008;8.21985468773993e-16;-0.8000000008;-6.69071055211065e-16;0.8000000008;6.25249497911559e-16;-0.8000000008;-5.38889385820502e-16;0.8000000008;4.52529275264961e-16;-0.8000000008;-3.66169164277522e-16;0.8000000008;2.82049315069137e-16;-0.800000000800001;-1.97929466815141e-16;0.800000000800001;8.25598194461263e-17;-0.800000000800001;-8.06216178804704e-18;0.800000000800001;-6.64354955480228e-17;-0.8000000008;-6.64490260723399e-17;0.8000000008;1.9933354774527e-16;-0.7999999968]
4.0000e+00
2.4000e+00
0.0000e+00
-4.0000e-01
1.0000e+00
9.0000e-01
-7.5000e-01
-7.7500e-01
8.1250e-01
8.0625e-01
-7.9687e-01
-7.9844e-01
8.0078e-01
8.0039e-01
-7.9980e-01
-7.9990e-01
8.0005e-01
8.0002e-01
-7.9999e-01
-7.9999e-01
8.0000e-01
8.0000e-01
-8.0000e-01
-8.0000e-01
8.0000e-01
8.0000e-01
-8.0000e-01
-8.0000e-01
8.0000e-01
8.0000e-01
-8.0000e-01
-8.0000e-01
8.0000e-01
8.0000e-01
-8.0000e-01
-8.0000e-01
8.0000e-01
8.0000e-01
-8.0000e-01
-8.0000e-01
8.0000e-01
8.0000e-01
-8.0000e-01
-8.0000e-01
8.0000e-01
8.0000e-01
-8.0000e-01
-8.0000e-01
8.0000e-01
8.0000e-01
-8.0000e-01
-8.0000e-01
8.0000e-01
8.0000e-01
-8.0000e-01
-8.0000e-01
8.0000e-01
8.0000e-01
-8.0000e-01
-8.0000e-01
8.0000e-01
8.0000e-01
-8.0000e-01
-8.0000e-01
8.0000e-01
8.0000e-01
-8.0000e-01
-8.0000e-01
8.0000e-01
8.0000e-01
-8.0000e-01
-8.0000e-01
8.0000e-01
8.0000e-01
-8.0000e-01
-8.0000e-01
8.0000e-01
8.0000e-01
-8.0000e-01
-8.0000e-01
8.0000e-01
8.0000e-01
-8.0000e-01
0.0000e+00
8.0000e-01
6.4641e-16
-8.0000e-01
-1.1629e-15
8.0000e-01
1.0393e-15
-8.0000e-01
-4.4567e-16
8.0000e-01
7.3307e-16
-8.0000e-01
-7.2543e-16
8.0000e-01
7.1780e-16
-8.0000e-01
-8.8271e-16
8.0000e-01
1.2799e-15
-8.0000e-01
-1.6770e-15
8.0000e-01
1.5363e-15
-8.0000e-01
-1.1528e-15
8.0000e-01
7.6928e-16
-8.0000e-01
-9.3103e-16
8.0000e-01
1.2946e-15
-8.0000e-01
-1.6581e-15
8.0000e-01
1.4789e-15
-8.0000e-01
-1.4017e-15
8.0000e-01
1.3245e-15
-8.0000e-01
-1.0245e-15
8.0000e-01
9.1665e-16
-8.0000e-01
-8.0877e-16
8.0000e-01
9.6066e-16
-8.0000e-01
-9.6649e-16
8.0000e-01
9.7233e-16
-8.0000e-01
-9.7490e-16
8.0000e-01
8.2199e-16
-8.0000e-01
-6.6907e-16
8.0000e-01
6.2525e-16
-8.0000e-01
-5.3889e-16
8.0000e-01
4.5253e-16
-8.0000e-01
-3.6617e-16
8.0000e-01
2.8205e-16
-8.0000e-01
-1.9793e-16
8.0000e-01
8.2560e-17
-8.0000e-01
-8.0622e-18
8.0000e-01
-6.6435e-17
-8.0000e-01
-6.6449e-17
8.0000e-01
1.9933e-16
-8.0000e-01

N:161	a:1.00e-11
Cond:1.37000e+02	Sol:[4;2.39999999998399;0;-0.399999999983994;1;0.899999999983994;-0.749999999999999;-0.774999999983994;0.812499999999999;0.806249999983995;-0.796874999999999;-0.798437499983995;0.800781249999999;0.800390624983995;-0.799804687499999;-0.799902343733995;0.800048828124999;0.800024414046495;-0.799987792968749;-0.79999389646837;0.800003051757811;0.800001525862902;-0.799999237060545;-0.799999618514269;0.800000190734861;0.800000095351427;-0.799999952316281;-0.799999976142137;0.800000011920926;0.800000005944459;-0.799999997019765;-0.799999998493878;0.800000000745054;0.800000000356523;-0.799999999813731;-0.799999999890861;0.800000000046562;0.800000000007277;-0.799999999988354;-0.799999999978173;0.800000000002906;0.799999999985449;-0.799999999999268;-0.79999999998363;0.800000000000178;0.799999999984085;-0.799999999999951;-0.799999999983971;0.800000000000007;0.799999999984;-0.799999999999993;-0.799999999983993;0.799999999999996;0.799999999983995;-0.799999999999995;-0.799999999983995;0.799999999999996;0.799999999983995;-0.799999999999995;-0.799999999983995;0.799999999999996;0.799999999983995;-0.799999999999996;-0.799999999983995;0.799999999999996;0.799999999983996;-0.799999999999995;-0.799999999983995;0.799999999999996;0.799999999983995;-0.799999999999995;-0.799999999983995;0.799999999999996;0.799999999983995;-0.799999999999995;-0.799999999983995;0.799999999999995;0.799999999983995;-0.799999999999995;-0.799999999983995;0.799999999999995;0.799999999983995;-0.799999999999995;0;0.800000000007995;2.61480540837917e-16;-0.800000000007995;-4.05481302181881e-16;0.800000000007996;3.39737458182563e-16;-0.800000000007995;-3.5144782906941e-16;0.800000000007995;2.41928160518019e-16;-0.800000000007995;-1.32408491973854e-16;0.800000000007994;3.33950528524505e-17;-0.800000000007994;6.56183862635608e-17;0.800000000007994;9.90461429651216e-17;-0.800000000007994;-2.63710672197803e-16;0.800000000007994;-1.78244268938738e-16;-0.800000000007994;6.20199210074986e-16;0.800000000007994;-1.18092014970562e-15;-0.800000000007993;1.74164108933901e-15;0.800000000007993;-1.69322202359289e-15;-0.800000000007993;1.64480295784218e-15;0.800000000007992;-1.61506659263516e-15;-0.800000000007993;1.58533022742364e-15;0.800000000007993;-1.62597929720933e-15;-0.800000000007993;1.66662836699359e-15;0.800000000007993;-1.89159622367139e-15;-0.800000000007993;2.11656408034283e-15;0.800000000007993;-1.88458704693304e-15;-0.800000000007993;1.65261001352309e-15;0.800000000007993;-1.85479382358208e-15;-0.800000000007993;2.05697763363714e-15;0.800000000007993;-2.316143114053e-15;-0.800000000007993;2.57530859446577e-15;0.800000000007992;-2.56991027383071e-15;-0.800000000007992;2.56451195318901e-15;0.800000000007992;-2.4619691178883e-15;-0.800000000007992;2.35942628258038e-15;0.800000000007992;-2.36573232327935e-15;-0.800000000007992;2.37203836397871e-15;0.800000000007992;-2.36169105931353e-15;-0.800000000007993;2.35134375464041e-15;0.800000000007993;-2.57879781921672e-15;-0.800000000007993;2.8062518837933e-15;0.800000000007993;-2.8773363350825e-15;-0.799999999967993]
4.0000e+00
2.4000e+00
0.0000e+00
-4.0000e-01
1.0000e+00
9.0000e-01
-7.5000e-01
-7.7500e-01
8.1250e-01
8.0625e-01
-7.9687e-01
-7.9844e-01
8.0078e-01
8.0039e-01
-7.9980e-01
-7.9990e-01
8.0005e-01
8.0002e-01
-7.9999e-01
-7.9999e-01
8.0000e-01
8.0000e-01
-8.0000e-01
-8.0000e-01
8.0000e-01
8.0000e-01
-8.0000e-01
-8.0000e-01
8.0000e-01
8.0000e-01
-8.0000e-01
-8.0000e-01
8.0000e-01
8.0000e-01
-8.0000e-01
-8.0000e-01
8.0000e-01
8.0000e-01
-8.0000e-01
-8.0000e-01
8.0000e-01
8.0000e-01
-8.0000e-01
-8.0000e-01
8.0000e-01
8.0000e-01
-8.0000e-01
-8.0000e-01
8.0000e-01
8.0000e-01
-8.0000e-01
-8.0000e-01
8.0000e-01
8.0000e-01
-8.0000e-01
-8.0000e-01
8.0000e-01
8.0000e-01
-8.0000e-01
-8.0000e-01
8.0000e-01
8.0000e-01
-8.0000e-01
-8.0000e-01
8.0000e-01
8.0000e-01
-8.0000e-01
-8.0000e-01
8.0000e-01
8.0000e-01
-8.0000e-01
-8.0000e-01
8.0000e-01
8.0000e-01
-8.0000e-01
-8.0000e-01
8.0000e-01
8.0000e-01
-8.0000e-01
-8.0000e-01
8.0000e-01
8.0000e-01
-8.0000e-01
0.0000e+00
8.0000e-01
2.6148e-16
-8.0000e-01
-4.0548e-16
8.0000e-01
3.3974e-16
-8.0000e-01
-3.5145e-16
8.0000e-01
2.4193e-16
-8.0000e-01
-1.3241e-16
8.0000e-01
3.3395e-17
-8.0000e-01
6.5618e-17
8.0000e-01
9.9046e-17
-8.0000e-01
-2.6371e-16
8.0000e-01
-1.7824e-16
-8.0000e-01
6.2020e-16
8.0000e-01
-1.1809e-15
-8.0000e-01
1.7416e-15
8.0000e-01
-1.6932e-15
-8.0000e-01
1.6448e-15
8.0000e-01
-1.6151e-15
-8.0000e-01
1.5853e-15
8.0000e-01
-1.6260e-15
-8.0000e-01
1.6666e-15
8.0000e-01
-1.8916e-15
-8.0000e-01
2.1166e-15
8.0000e-01
-1.8846e-15
-8.0000e-01
1.6526e-15
8.0000e-01
-1.8548e-15
-8.0000e-01
2.0570e-15
8.0000e-01
-2.3161e-15
-8.0000e-01
2.5753e-15
8.0000e-01
-2.5699e-15
-8.0000e-01
2.5645e-15
8.0000e-01
-2.4620e-15
-8.0000e-01
2.3594e-15
8.0000e-01
-2.3657e-15
-8.0000e-01
2.3720e-15
8.0000e-01
-2.3617e-15
-8.0000e-01
2.3513e-15
8.0000e-01
-2.5788e-15
-8.0000e-01
2.8063e-15
8.0000e-01
-2.8773e-15
-8.0000e-01

N:161	a:1.00e-13
Cond:1.37000e+02	Sol:[4;2.39999999999984;0;-0.399999999999838;1;0.899999999999837;-0.75;-0.774999999999838;0.8125;0.806249999999838;-0.796874999999999;-0.798437499999838;0.800781249999999;0.800390624999838;-0.7998046875;-0.799902343749838;0.800048828125;0.800024414062337;-0.79998779296875;-0.799993896484212;0.800003051757812;0.800001525878744;-0.799999237060546;-0.799999618530111;0.800000190734862;0.800000095367269;-0.799999952316282;-0.799999976157979;0.800000011920927;0.800000005960301;-0.799999997019765;-0.799999998509721;0.800000000745055;0.800000000372365;-0.799999999813731;-0.799999999906704;0.800000000046562;0.800000000023119;-0.799999999988354;-0.799999999994015;0.800000000002907;0.800000000001291;-0.799999999999269;-0.799999999999472;0.800000000000179;0.799999999999927;-0.799999999999952;-0.799999999999814;0.800000000000008;0.799999999999843;-0.799999999999993;-0.799999999999836;0.799999999999997;0.799999999999838;-0.799999999999996;-0.799999999999837;0.799999999999997;0.799999999999837;-0.799999999999997;-0.799999999999837;0.799999999999997;0.799999999999837;-0.799999999999997;-0.799999999999837;0.799999999999998;0.799999999999838;-0.799999999999997;-0.799999999999837;0.799999999999997;0.799999999999837;-0.799999999999997;-0.799999999999837;0.799999999999997;0.799999999999837;-0.799999999999997;-0.799999999999837;0.799999999999997;0.799999999999837;-0.799999999999997;-0.799999999999837;0.799999999999997;0.799999999999837;-0.799999999999997;0;0.800000000000078;-5.77647572267463e-16;-0.800000000000078;8.60160334980511e-16;0.800000000000078;-9.83769236794301e-16;-0.800000000000078;1.02192325961138e-15;0.800000000000078;-1.06007728242841e-15;-0.800000000000078;1.10064578670495e-15;0.800000000000078;-1.14121429098147e-15;-0.800000000000077;1.26586909565996e-15;0.800000000000077;-1.39052390033848e-15;-0.800000000000077;1.37047963793676e-15;0.800000000000077;-1.35043537553501e-15;-0.800000000000077;1.00716925400829e-15;0.800000000000077;-6.63903132481604e-16;-0.800000000000077;4.70960629810167e-16;0.800000000000077;-2.78018127138686e-16;-0.800000000000077;3.21096738326919e-16;0.800000000000077;-3.64175349515142e-16;-0.800000000000077;5.14749750758838e-16;0.800000000000077;-6.65324152002541e-16;-0.800000000000077;6.82927616861641e-16;0.800000000000078;-7.00531081720674e-16;-0.800000000000077;4.94918045245395e-16;0.800000000000077;-2.89305008770076e-16;-0.800000000000077;-4.51999501584248e-17;0.800000000000076;3.79704909086893e-16;-0.800000000000076;-1.68007796870493e-16;0.800000000000077;-4.36893153458709e-17;-0.800000000000076;1.96527341086716e-16;0.800000000000077;-3.33664442240699e-16;-0.800000000000076;4.4197400505457e-16;0.800000000000076;-5.50283567868428e-16;-0.800000000000076;6.39188243090206e-16;0.800000000000076;-7.28092918311984e-16;-0.800000000000076;8.84651809108163e-16;0.800000000000077;-1.04121069990433e-15;-0.800000000000076;1.03030827844661e-15;0.800000000000077;-1.01940585698887e-15;-0.800000000000077;9.6687007212211e-16;0.800000000000077;-9.14334287215329e-16;-0.799999999999677]
4.0000e+00
2.4000e+00
0.0000e+00
-4.0000e-01
1.0000e+00
9.0000e-01
-7.5000e-01
-7.7500e-01
8.1250e-01
8.0625e-01
-7.9687e-01
-7.9844e-01
8.0078e-01
8.0039e-01
-7.9980e-01
-7.9990e-01
8.0005e-01
8.0002e-01
-7.9999e-01
-7.9999e-01
8.0000e-01
8.0000e-01
-8.0000e-01
-8.0000e-01
8.0000e-01
8.0000e-01
-8.0000e-01
-8.0000e-01
8.0000e-01
8.0000e-01
-8.0000e-01
-8.0000e-01
8.0000e-01
8.0000e-01
-8.0000e-01
-8.0000e-01
8.0000e-01
8.0000e-01
-8.0000e-01
-8.0000e-01
8.0000e-01
8.0000e-01
-8.0000e-01
-8.0000e-01
8.0000e-01
8.0000e-01
-8.0000e-01
-8.0000e-01
8.0000e-01
8.0000e-01
-8.0000e-01
-8.0000e-01
8.0000e-01
8.0000e-01
-8.0000e-01
-8.0000e-01
8.0000e-01
8.0000e-01
-8.0000e-01
-8.0000e-01
8.0000e-01
8.0000e-01
-8.0000e-01
-8.0000e-01
8.0000e-01
8.0000e-01
-8.0000e-01
-8.0000e-01
8.0000e-01
8.0000e-01
-8.0000e-01
-8.0000e-01
8.0000e-01
8.0000e-01
-8.0000e-01
-8.0000e-01
8.0000e-01
8.0000e-01
-8.0000e-01
-8.0000e-01
8.0000e-01
8.0000e-01
-8.0000e-01
0.0000e+00
8.0000e-01
-5.7765e-16
-8.0000e-01
8.6016e-16
8.0000e-01
-9.8377e-16
-8.0000e-01
1.0219e-15
8.0000e-01
-1.0601e-15
-8.0000e-01
1.1006e-15
8.0000e-01
-1.1412e-15
-8.0000e-01
1.2659e-15
8.0000e-01
-1.3905e-15
-8.0000e-01
1.3705e-15
8.0000e-01
-1.3504e-15
-8.0000e-01
1.0072e-15
8.0000e-01
-6.6390e-16
-8.0000e-01
4.7096e-16
8.0000e-01
-2.7802e-16
-8.0000e-01
3.2110e-16
8.0000e-01
-3.6418e-16
-8.0000e-01
5.1475e-16
8.0000e-01
-6.6532e-16
-8.0000e-01
6.8293e-16
8.0000e-01
-7.0053e-16
-8.0000e-01
4.9492e-16
8.0000e-01
-2.8931e-16
-8.0000e-01
-4.5200e-17
8.0000e-01
3.7970e-16
-8.0000e-01
-1.6801e-16
8.0000e-01
-4.3689e-17
-8.0000e-01
1.9653e-16
8.0000e-01
-3.3366e-16
-8.0000e-01
4.4197e-16
8.0000e-01
-5.5028e-16
-8.0000e-01
6.3919e-16
8.0000e-01
-7.2809e-16
-8.0000e-01
8.8465e-16
8.0000e-01
-1.0412e-15
-8.0000e-01
1.0303e-15
8.0000e-01
-1.0194e-15
-8.0000e-01
9.6687e-16
8.0000e-01
-9.1433e-16
-8.0000e-01

N:161	a:1.00e-15
Cond:1.37000e+02	Sol:[4;2.4;0;-0.399999999999995;1;0.899999999999995;-0.749999999999999;-0.774999999999995;0.8125;0.806249999999995;-0.796874999999999;-0.798437499999995;0.800781249999999;0.800390624999995;-0.7998046875;-0.799902343749995;0.800048828124999;0.800024414062495;-0.799987792968749;-0.79999389648437;0.800003051757812;0.800001525878902;-0.799999237060546;-0.799999618530269;0.800000190734862;0.800000095367427;-0.799999952316282;-0.799999976158137;0.800000011920928;0.800000005960459;-0.799999997019766;-0.799999998509879;0.800000000745055;0.800000000372524;-0.799999999813731;-0.799999999906862;0.800000000046562;0.800000000023277;-0.799999999988354;-0.799999999994173;0.800000000002906;0.800000000001449;-0.799999999999269;-0.79999999999963;0.800000000000178;0.800000000000084;-0.799999999999951;-0.799999999999971;0.800000000000008;0.8;-0.799999999999994;-0.799999999999993;0.799999999999998;0.799999999999995;-0.799999999999997;-0.799999999999994;0.799999999999997;0.799999999999994;-0.799999999999998;-0.799999999999994;0.799999999999998;0.799999999999994;-0.799999999999998;-0.799999999999994;0.799999999999998;0.799999999999995;-0.799999999999997;-0.799999999999994;0.799999999999998;0.799999999999994;-0.799999999999997;-0.799999999999994;0.799999999999997;0.799999999999994;-0.799999999999997;-0.799999999999994;0.799999999999997;0.799999999999995;-0.799999999999997;-0.799999999999995;0.799999999999997;0.799999999999995;-0.799999999999998;0;0.799999999999999;2.60768295223318e-16;-0.799999999999998;-9.28389404591298e-16;0.799999999999998;7.06678824129042e-16;-0.799999999999998;-9.01386590039935e-16;0.799999999999999;1.09609435595083e-15;-0.799999999999999;-9.16353987046882e-16;0.799999999999998;7.36613618142937e-16;-0.799999999999998;-9.14993127453668e-16;0.799999999999998;1.2463929911772e-15;-0.799999999999998;-1.57779285490073e-15;0.799999999999998;1.25393658853974e-15;-0.799999999999998;-9.30080322178736e-16;0.799999999999998;1.0978552668521e-15;-0.799999999999998;-1.16695779410509e-15;0.799999999999998;1.23606032135808e-15;-0.799999999999998;-1.37835567045189e-15;0.799999999999998;1.52065101954569e-15;-0.799999999999998;-1.55416862450775e-15;0.799999999999997;1.42392685968689e-15;-0.799999999999997;-1.29368509486603e-15;0.799999999999997;1.3302424853158e-15;-0.799999999999997;-1.36679987576558e-15;0.799999999999997;1.3455681106453e-15;-0.799999999999997;-1.3917695658151e-15;0.799999999999997;1.4379710209849e-15;-0.799999999999997;-1.49583004003368e-15;0.799999999999997;1.55368905908245e-15;-0.799999999999997;-1.57377557259052e-15;0.799999999999997;1.5889208683399e-15;-0.799999999999997;-1.60406616408928e-15;0.799999999999997;1.54612522776188e-15;-0.799999999999997;-1.48818429143448e-15;0.799999999999997;1.51692662168829e-15;-0.799999999999996;-1.64393494213491e-15;0.799999999999997;1.69243863964735e-15;-0.799999999999997;-1.94554220194196e-15;0.799999999999997;2.19864576423658e-15;-0.799999999999997;-2.08190724053545e-15;0.799999999999997;1.96516871683432e-15;-0.799999999999993]
4.0000e+00
2.4000e+00
0.0000e+00
-4.0000e-01
1.0000e+00
9.0000e-01
-7.5000e-01
-7.7500e-01
8.1250e-01
8.0625e-01
-7.9687e-01
-7.9844e-01
8.0078e-01
8.0039e-01
-7.9980e-01
-7.9990e-01
8.0005e-01
8.0002e-01
-7.9999e-01
-7.9999e-01
8.0000e-01
8.0000e-01
-8.0000e-01
-8.0000e-01
8.0000e-01
8.0000e-01
-8.0000e-01
-8.0000e-01
8.0000e-01
8.0000e-01
-8.0000e-01
-8.0000e-01
8.0000e-01
8.0000e-01
-8.0000e-01
-8.0000e-01
8.0000e-01
8.0000e-01
-8.0000e-01
-8.0000e-01
8.0000e-01
8.0000e-01
-8.0000e-01
-8.0000e-01
8.0000e-01
8.0000e-01
-8.0000e-01
-8.0000e-01
8.0000e-01
8.0000e-01
-8.0000e-01
-8.0000e-01
8.0000e-01
8.0000e-01
-8.0000e-01
-8.0000e-01
8.0000e-01
8.0000e-01
-8.0000e-01
-8.0000e-01
8.0000e-01
8.0000e-01
-8.0000e-01
-8.0000e-01
8.0000e-01
8.0000e-01
-8.0000e-01
-8.0000e-01
8.0000e-01
8.0000e-01
-8.0000e-01
-8.0000e-01
8.0000e-01
8.0000e-01
-8.0000e-01
-8.0000e-01
8.0000e-01
8.0000e-01
-8.0000e-01
-8.0000e-01
8.0000e-01
8.0000e-01
-8.0000e-01
0.0000e+00
8.0000e-01
2.6077e-16
-8.0000e-01
-9.2839e-16
8.0000e-01
7.0668e-16
-8.0000e-01
-9.0139e-16
8.0000e-01
1.0961e-15
-8.0000e-01
-9.1635e-16
8.0000e-01
7.3661e-16
-8.0000e-01
-9.1499e-16
8.0000e-01
1.2464e-15
-8.0000e-01
-1.5778e-15
8.0000e-01
1.2539e-15
-8.0000e-01
-9.3008e-16
8.0000e-01
1.0979e-15
-8.0000e-01
-1.1670e-15
8.0000e-01
1.2361e-15
-8.0000e-01
-1.3784e-15
8.0000e-01
1.5207e-15
-8.0000e-01
-1.5542e-15
8.0000e-01
1.4239e-15
-8.0000e-01
-1.2937e-15
8.0000e-01
1.3302e-15
-8.0000e-01
-1.3668e-15
8.0000e-01
1.3456e-15
-8.0000e-01
-1.3918e-15
8.0000e-01
1.4380e-15
-8.0000e-01
-1.4958e-15
8.0000e-01
1.5537e-15
-8.0000e-01
-1.5738e-15
8.0000e-01
1.5889e-15
-8.0000e-01
-1.6041e-15
8.0000e-01
1.5461e-15
-8.0000e-01
-1.4882e-15
8.0000e-01
1.5169e-15
-8.0000e-01
-1.6439e-15
8.0000e-01
1.6924e-15
-8.0000e-01
-1.9455e-15
8.0000e-01
2.1986e-15
-8.0000e-01
-2.0819e-15
8.0000e-01
1.9652e-15
-8.0000e-01
